1 0.000000298350000
2 0.000000239910000
3 0.000000245100000
4 0.000000253690000
5 0.000000254260000
6 0.000000231970000
7 0.000000247770000
8 0.000000261170000
9 0.000000252210000
10 0.000000271570000
11 0.000000286350000
12 0.000000290450000
13 0.000000296880000
14 0.000000311210000
15 0.000000297200000
16 0.000000313740000
17 0.000000334540000
18 0.000000344410000
19 0.000000390080000
20 0.000000376200000
21 0.000000365410000
22 0.000000361160000
23 0.000000371590000
24 0.000000379340000
25 0.000000386840000
26 0.000000405410000
27 0.000000421990000
28 0.000000426790000
29 0.000000448510000
30 0.000000451520000
31 0.000000457940000
32 0.000000468600000
33 0.000000461210000
34 0.000000471250000
35 0.000000483050000
36 0.000000493120000
37 0.000000502320000
38 0.000000511220000
39 0.000000520640000
40 0.000000532260000
41 0.000000532580000
42 0.000000542070000
43 0.000000549950000
44 0.000000560820000
45 0.000000585010000
46 0.000000594330000
47 0.000000602560000
48 0.000000620800000
49 0.000000600920000
50 0.000000613240000
51 0.000000620810000
52 0.000000625100000
53 0.000000632970000
54 0.000000644460000
55 0.000000647180000
56 0.000000659330000
57 0.000000667340000
58 0.000000678220000
59 0.000000683410000
60 0.000000696700000
61 0.000000707590000
62 0.000000713570000
63 0.000000723840000
64 0.000000729060000
65 0.000000737690000
66 0.000000747900000
67 0.000000753430000
68 0.000000760710000
69 0.000000768910000
70 0.000000785800000
71 0.000000811970000
72 0.000000826150000
73 0.000000815950000
74 0.000000837720000
75 0.000000834000000
76 0.000000854630000
77 0.000000836680000
78 0.000000861270000
79 0.000000874140000
80 0.000000891470000
81 0.000000896690000
82 0.000000908820000
83 0.000000914030000
84 0.000000926300000
85 0.000000934260000
86 0.000000947120000
87 0.000000954200000
88 0.000000955620000
89 0.000000941580000
90 0.000000944820000
91 0.000000958100000
92 0.000000981910000
93 0.000001006330000
94 0.000001013300000
95 0.000001024560000
96 0.000001031350000
97 0.000001039500000
98 0.000001051660000
99 0.000001056660000
100 0.000001053940000
101 0.000001065060000
102 0.000001084990000
103 0.000001094710000
104 0.000001102780000
105 0.000001112680000
106 0.000001111170000
107 0.000001128730000
108 0.000001140000000
109 0.000001140370000
110 0.000001151930000
111 0.000001164730000
112 0.000001170130000
113 0.000001184550000
114 0.000001176410000
115 0.000001195310000
116 0.000001205490000
117 0.000001216590000
118 0.000001225820000
119 0.000001202860000
120 0.000001210820000
121 0.000001225580000
122 0.000001232420000
123 0.000001245980000
124 0.000001246980000
125 0.000001255920000
126 0.000001265590000
127 0.000001273650000
128 0.000001282170000
129 0.000001303080000
130 0.000001311770000
131 0.000001326880000
132 0.000001321250000
133 0.000001323690000
134 0.000001343610000
135 0.000001345130000
136 0.000001351400000
137 0.000001360380000
138 0.000001367630000
139 0.000001382380000
140 0.000001389980000
141 0.000001399200000
142 0.000001409110000
143 0.000001426420000
144 0.000001430620000
145 0.000001443470000
146 0.000001455820000
147 0.000001459490000
148 0.000001459130000
149 0.000001464910000
150 0.000001476240000
151 0.000001481620000
152 0.000001492940000
153 0.000001499140000
154 0.000001517200000
155 0.000001523850000
156 0.000001526670000
157 0.000001544700000
158 0.000001567170000
159 0.000001577820000
160 0.000001590720000
161 0.000001597620000
162 0.000001604590000
163 0.000001614930000
164 0.000001610110000
165 0.000001630610000
166 0.000001639440000
167 0.000001647500000
168 0.000001659630000
169 0.000001665700000
170 0.000001661210000
171 0.000001662290000
172 0.000001685120000
173 0.000001693840000
174 0.000001720640000
175 0.000001736870000
176 0.000001739690000
177 0.000001744070000
178 0.000001753840000
179 0.000001761400000
180 0.000001768010000
181 0.000001783420000
182 0.000001782200000
183 0.000001804000000
184 0.000001766460000
185 0.000001777930000
186 0.000001786530000
187 0.000001793500000
188 0.000001801570000
189 0.000001812470000
190 0.000001818620000
191 0.000001830390000
192 0.000001839530000
193 0.000001939690000
194 0.000001966690000
195 0.000001960100000
196 0.000001909100000
197 0.000001904560000
198 0.000001906830000
199 0.000001918990000
200 0.000001928110000
201 0.000001959360000
202 0.000001992850000
203 0.000001964850000
204 0.000002009830000
205 0.000001979710000
206 0.000001985060000
207 0.000002004830000
208 0.000002002720000
209 0.000002068940000
210 0.000001993820000
211 0.000002018560000
212 0.000002219570000
213 0.000002054690000
214 0.000002030910000
215 0.000002064320000
216 0.000002109900000
217 0.000002148710000
218 0.000002223140000
219 0.000002072620000
220 0.000002098520000
221 0.000002111980000
222 0.000002158820000
223 0.000002137750000
224 0.000002175570000
225 0.000002162170000
226 0.000002151010000
227 0.000002226560000
228 0.000002195710000
229 0.000002236370000
230 0.000002219200000
231 0.000002211050000
232 0.000002224150000
233 0.000002228550000
234 0.000002242760000
235 0.000002246830000
236 0.000002248150000
237 0.000002235930000
238 0.000002362380000
239 0.000002278460000
240 0.000002284910000
241 0.000002259310000
242 0.000002272610000
243 0.000002340850000
244 0.000002352090000
245 0.000002352020000
246 0.000002367380000
247 0.000002373500000
248 0.000002322020000
249 0.000002332640000
250 0.000002340580000
251 0.000002348810000
252 0.000002357030000
253 0.000002381970000
254 0.000002408550000
255 0.000002456010000
256 0.000002461240000
257 0.000002446080000
258 0.000002440200000
259 0.000002463450000
260 0.000002493230000
261 0.000002487410000
262 0.000002494510000
263 0.000002498530000
264 0.000002466120000
265 0.000002495410000
266 0.000002496730000
267 0.000002524460000
268 0.000002533540000
269 0.000002542740000
270 0.000002555300000
271 0.000002530390000
272 0.000002527700000
273 0.000002548100000
274 0.000002544170000
275 0.000002555020000
276 0.000002564140000
277 0.000002575220000
278 0.000002579910000
279 0.000002594370000
280 0.000002598150000
281 0.000002606430000
282 0.000002613460000
283 0.000002623560000
284 0.000002631830000
285 0.000002641130000
286 0.000002650850000
287 0.000002658540000
288 0.000002669850000
289 0.000002686800000
290 0.000002684690000
291 0.000002693210000
292 0.000002700680000
293 0.000002709390000
294 0.000002717980000
295 0.000002728270000
296 0.000002780480000
297 0.000002757920000
298 0.000002765860000
299 0.000002802790000
