1 0.000000205100000
2 0.000000201680000
3 0.000000209450000
4 0.000000219350000
5 0.000000246760000
6 0.000000269190000
7 0.000000264160000
8 0.000000273690000
9 0.000000254950000
10 0.000000265310000
11 0.000000262910000
12 0.000000279010000
13 0.000000291890000
14 0.000000298220000
15 0.000000322140000
16 0.000000326320000
17 0.000000347120000
18 0.000000336290000
19 0.000000348440000
20 0.000000347470000
21 0.000000363480000
22 0.000000379910000
23 0.000000389310000
24 0.000000401890000
25 0.000000414590000
26 0.000000403870000
27 0.000000412000000
28 0.000000416390000
29 0.000000439340000
