1 0.000001484570000 1
2 0.000001533510000 2
3 0.000001465650000 3
4 0.000001452090000 4
5 0.000001448890000 5
6 0.000001451090000 6
7 0.000001460270000 7
8 0.000001462230000 8
9 0.000001485380000 9
10 0.000001466590000 10
11 0.000001474180000 11
12 0.000001474940000 12
13 0.000001459510000 13
14 0.000001461360000 14
15 0.000001457160000 15
16 0.000001464870000 16
17 0.000001450670000 17
18 0.000001497730000 18
19 0.000001599550000 19
20 0.000001474310000 20
21 0.000001451260000 21
22 0.000001447440000 22
23 0.000001446080000 23
24 0.000001451800000 24
25 0.000001442380000 25
26 0.000001453900000 26
27 0.000001456290000 27
28 0.000001460470000 28
29 0.000001447730000 29
30 0.000001448990000 30
31 0.000001452950000 31
32 0.000001467500000 32
33 0.000001462460000 33
34 0.000001462120000 34
35 0.000001459190000 35
36 0.000001469040000 36
37 0.000001465560000 37
38 0.000001453480000 38
39 0.000001452440000 39
40 0.000001467220000 40
41 0.000001448850000 41
42 0.000001451470000 42
43 0.000001448490000 43
44 0.000001486890000 44
45 0.000001446450000 45
46 0.000001451490000 46
47 0.000001466000000 47
48 0.000001466950000 48
49 0.000001451430000 49
50 0.000001457840000 50
51 0.000001448810000 51
52 0.000001447430000 52
53 0.000001447470000 53
54 0.000001451600000 54
55 0.000001446190000 55
56 0.000001452370000 56
57 0.000001448620000 57
58 0.000001444440000 58
59 0.000001454040000 59
60 0.000001444190000 60
61 0.000001445650000 61
62 0.000001445970000 62
63 0.000001446200000 63
64 0.000001447970000 64
65 0.000001448470000 65
66 0.000001444040000 66
67 0.000001453650000 67
68 0.000001453430000 68
69 0.000001457020000 69
70 0.000001443430000 70
71 0.000001447940000 71
72 0.000001467000000 72
73 0.000001449700000 73
74 0.000001444840000 74
75 0.000001448910000 75
76 0.000001453020000 76
77 0.000001449790000 77
78 0.000001466460000 78
79 0.000001446080000 79
80 0.000001468220000 80
81 0.000001449590000 81
82 0.000001447890000 82
83 0.000001446080000 83
84 0.000001464610000 84
85 0.000001448120000 85
86 0.000001447940000 86
87 0.000001462580000 87
88 0.000001446960000 88
89 0.000001443840000 89
90 0.000001443780000 90
91 0.000001444670000 91
92 0.000001443660000 92
93 0.000001463180000 93
94 0.000001448900000 94
95 0.000001463910000 95
96 0.000001447860000 96
97 0.000001445260000 97
98 0.000001450930000 98
99 0.000001450460000 99
100 0.000001445100000 100
101 0.000001470840000 101
102 0.000001448710000 102
103 0.000001447800000 103
104 0.000001453720000 104
105 0.000001453580000 105
106 0.000001449140000 106
107 0.000001447860000 107
108 0.000001461840000 108
109 0.000001445600000 109
110 0.000001448770000 110
111 0.000001444780000 111
112 0.000001449660000 112
113 0.000001448490000 113
114 0.000001459160000 114
115 0.000001448080000 115
116 0.000001448360000 116
117 0.000001446490000 117
118 0.000001456970000 118
119 0.000001444720000 119
120 0.000001446680000 120
121 0.000001447870000 121
122 0.000001447470000 122
123 0.000001463610000 123
124 0.000001447600000 124
125 0.000001445450000 125
126 0.000001449580000 126
127 0.000001447100000 127
128 0.000001462610000 128
129 0.000001445050000 129
130 0.000001461650000 130
131 0.000001445580000 131
132 0.000001456870000 132
133 0.000001448030000 133
134 0.000001462760000 134
135 0.000001453440000 135
136 0.000001456230000 136
137 0.000001454040000 137
138 0.000001444970000 138
139 0.000001457660000 139
140 0.000001443060000 140
141 0.000001445390000 141
142 0.000001444230000 142
143 0.000001442010000 143
144 0.000001442050000 144
145 0.000001439980000 145
146 0.000001444180000 146
147 0.000001447390000 147
148 0.000001468340000 148
149 0.000001462460000 149
150 0.000001466840000 150
151 0.000001458050000 151
152 0.000001475480000 152
153 0.000001450750000 153
154 0.000001449900000 154
155 0.000001459400000 155
156 0.000001456000000 156
157 0.000001460830000 157
158 0.000001453850000 158
159 0.000001450010000 159
160 0.000001448610000 160
161 0.000001448460000 161
162 0.000001454880000 162
163 0.000001444390000 163
164 0.000001452990000 164
165 0.000001445770000 165
166 0.000001450160000 166
167 0.000001464610000 167
168 0.000001451740000 168
169 0.000001458800000 169
170 0.000001451230000 170
171 0.000001458030000 171
172 0.000001448580000 172
173 0.000001465380000 173
174 0.000001470380000 174
175 0.000001461380000 175
176 0.000001453750000 176
177 0.000001451070000 177
178 0.000001462350000 178
179 0.000001452020000 179
180 0.000001446700000 180
181 0.000001470330000 181
182 0.000001470320000 182
183 0.000001468970000 183
184 0.000001460900000 184
185 0.000001463500000 185
186 0.000001461620000 186
187 0.000001459550000 187
188 0.000001462720000 188
189 0.000001468440000 189
190 0.000001461040000 190
191 0.000001464690000 191
192 0.000001462210000 192
193 0.000001451510000 193
194 0.000001513450000 194
195 0.000001451980000 195
196 0.000001448080000 196
197 0.000001454120000 197
198 0.000001445190000 198
199 0.000001462540000 199
200 0.000001464000000 200
201 0.000001466910000 201
202 0.000001467350000 202
203 0.000001461910000 203
204 0.000001465780000 204
205 0.000001462330000 205
206 0.000001463710000 206
207 0.000001469170000 207
208 0.000001543680000 208
209 0.000001454290000 209
210 0.000001450290000 210
211 0.000001516710000 211
212 0.000001507310000 212
213 0.000001612460000 213
214 0.000001477430000 214
215 0.000001535630000 215
216 0.000001516150000 216
217 0.000001475100000 217
218 0.000001457900000 218
219 0.000001458360000 219
220 0.000001460170000 220
221 0.000001496930000 221
222 0.000001451530000 222
223 0.000001450600000 223
224 0.000001445120000 224
225 0.000001449770000 225
226 0.000001446710000 226
227 0.000001451660000 227
228 0.000001459280000 228
229 0.000001456040000 229
230 0.000001459840000 230
231 0.000001459410000 231
232 0.000001465580000 232
233 0.000001459710000 233
234 0.000001447890000 234
235 0.000001444260000 235
236 0.000001451660000 236
237 0.000001452130000 237
238 0.000001444150000 238
239 0.000001460500000 239
240 0.000001463480000 240
241 0.000001445110000 241
242 0.000001464450000 242
243 0.000001457510000 243
244 0.000001465390000 244
245 0.000001462820000 245
246 0.000001457470000 246
247 0.000001465660000 247
248 0.000001462020000 248
249 0.000001466950000 249
250 0.000001460850000 250
251 0.000001460650000 251
252 0.000001459030000 252
253 0.000001459600000 253
254 0.000001449720000 254
255 0.000001449360000 255
256 0.000001445550000 256
257 0.000001463650000 257
258 0.000001450540000 258
259 0.000001454200000 259
260 0.000001455440000 260
261 0.000001462280000 261
262 0.000001448840000 262
263 0.000001452300000 263
264 0.000001449680000 264
265 0.000001447310000 265
266 0.000001451180000 266
267 0.000001453000000 267
268 0.000001452700000 268
269 0.000001449800000 269
270 0.000001449710000 270
271 0.000001446580000 271
272 0.000001446480000 272
273 0.000001448140000 273
274 0.000001452280000 274
275 0.000001448760000 275
276 0.000001448010000 276
277 0.000001446120000 277
278 0.000001447200000 278
279 0.000001444350000 279
280 0.000001445570000 280
281 0.000001447570000 281
282 0.000001448600000 282
283 0.000001447310000 283
284 0.000001449750000 284
285 0.000001447520000 285
286 0.000001446430000 286
287 0.000001448360000 287
288 0.000001449820000 288
289 0.000001446850000 289
290 0.000001448230000 290
291 0.000001447650000 291
292 0.000001447320000 292
293 0.000001448010000 293
294 0.000001447070000 294
295 0.000001447980000 295
296 0.000001450560000 296
297 0.000001458290000 297
298 0.000001450230000 298
299 0.000001453310000 299
