1 0.000007280000000 1
2 0.000013110000000 2
3 0.000014630000000 3
4 0.000015790000000 4
5 0.000024190000000 5
6 0.000035300000000 6
7 0.000024850000000 7
8 0.000033020000000 8
9 0.000044390000000 9
10 0.000039040000000 10
11 0.000050520000000 11
12 0.000047030000000 12
13 0.000064720000000 13
14 0.000079630000000 14
15 0.000065250000000 15
16 0.000066970000000 16
17 0.000063840000000 17
18 0.000075700000000 18
19 0.000094840000000 19
20 0.000088630000000 20
21 0.000078860000000 21
22 0.000075260000000 22
23 0.000093310000000 23
24 0.000097450000000 24
25 0.000086230000000 25
26 0.000101100000000 26
27 0.000092690000000 27
28 0.000108330000000 28
29 0.000104700000000 29
30 0.000117610000000 30
31 0.000112720000000 31
32 0.000103390000000 32
33 0.000107480000000 33
34 0.000106440000000 34
35 0.000126330000000 35
36 0.000149570000000 36
37 0.000127410000000 37
38 0.000143050000000 38
39 0.000128360000000 39
40 0.000124130000000 40
41 0.000136120000000 41
42 0.000141780000000 42
43 0.000148290000000 43
44 0.000151550000000 44
45 0.000160460000000 45
46 0.000159020000000 46
47 0.000177000000000 47
48 0.000187020000000 48
49 0.000178830000000 49
50 0.000194830000000 50
51 0.000168540000000 51
52 0.000178780000000 52
53 0.000174040000000 53
54 0.000175190000000 54
55 0.000186210000000 55
56 0.000188590000000 56
57 0.000186580000000 57
58 0.000188550000000 58
59 0.000180510000000 59
60 0.000194030000000 60
61 0.000187790000000 61
62 0.000203670000000 62
63 0.000195620000000 63
64 0.000208380000000 64
65 0.000200790000000 65
66 0.000203520000000 66
67 0.000208590000000 67
68 0.000231410000000 68
69 0.000235280000000 69
70 0.000223400000000 70
71 0.000217730000000 71
72 0.000268390000000 72
73 0.000281310000000 73
74 0.000341720000000 74
75 0.000262080000000 75
76 0.000299910000000 76
77 0.000323370000000 77
78 0.000290580000000 78
79 0.000353050000000 79
80 0.000369900000000 80
81 0.000336340000000 81
82 0.000333270000000 82
83 0.000274930000000 83
84 0.000272770000000 84
85 0.000269620000000 85
86 0.000279000000000 86
87 0.000291690000000 87
88 0.000295720000000 88
89 0.000286370000000 89
90 0.000281520000000 90
91 0.000293700000000 91
92 0.000304310000000 92
93 0.000299020000000 93
94 0.000297560000000 94
95 0.000296490000000 95
96 0.000343850000000 96
97 0.000341400000000 97
98 0.000420460000000 98
99 0.000382190000000 99
100 0.000369570000000 100
101 0.000362060000000 101
102 0.000390560000000 102
103 0.000374720000000 103
104 0.000378740000000 104
105 0.000355190000000 105
106 0.000420010000000 106
107 0.000361930000000 107
108 0.000439200000000 108
109 0.000459910000000 109
110 0.000426520000000 110
111 0.000409680000000 111
112 0.000442070000000 112
113 0.000408410000000 113
114 0.000436000000000 114
115 0.000377330000000 115
116 0.000363730000000 116
117 0.000389280000000 117
118 0.000358820000000 118
119 0.000370230000000 119
120 0.000369500000000 120
121 0.000369120000000 121
122 0.000399920000000 122
123 0.000406300000000 123
124 0.000407570000000 124
125 0.000405350000000 125
126 0.000410760000000 126
127 0.000409440000000 127
128 0.000455770000000 128
129 0.000532960000000 129
130 0.000454370000000 130
131 0.000476780000000 131
132 0.000441730000000 132
133 0.000523330000000 133
134 0.000409540000000 134
135 0.000451980000000 135
136 0.000471390000000 136
137 0.000494560000000 137
138 0.000443640000000 138
139 0.000496680000000 139
140 0.000506270000000 140
141 0.000517240000000 141
142 0.000477200000000 142
143 0.000456180000000 143
144 0.000514250000000 144
145 0.000522990000000 145
146 0.000516280000000 146
147 0.000600980000000 147
148 0.000551620000000 148
149 0.000517310000000 149
150 0.000478750000000 150
151 0.000473990000000 151
152 0.000496080000000 152
153 0.000489820000000 153
154 0.000485240000000 154
155 0.000499140000000 155
156 0.000503840000000 156
157 0.000514100000000 157
158 0.000490130000000 158
159 0.000499970000000 159
160 0.000511590000000 160
161 0.000508600000000 161
162 0.000520750000000 162
163 0.000514460000000 163
164 0.000530280000000 164
165 0.000655220000000 165
166 0.000552940000000 166
167 0.000643880000000 167
168 0.000613510000000 168
169 0.000549420000000 169
170 0.000680490000000 170
171 0.000622220000000 171
172 0.000725450000000 172
173 0.000615210000000 173
174 0.000562780000000 174
175 0.000664710000000 175
176 0.000621840000000 176
177 0.000598590000000 177
178 0.000549910000000 178
179 0.000616620000000 179
180 0.000692910000000 180
181 0.000619750000000 181
182 0.000637720000000 182
183 0.000672820000000 183
184 0.000639860000000 184
185 0.000610450000000 185
186 0.000738920000000 186
187 0.000630990000000 187
188 0.000614580000000 188
189 0.000582510000000 189
190 0.000595040000000 190
191 0.000594980000000 191
192 0.000609780000000 192
193 0.000603590000000 193
194 0.000607120000000 194
195 0.000787210000000 195
196 0.000726710000000 196
197 0.000689500000000 197
198 0.000759860000000 198
199 0.000705460000000 199
200 0.000724150000000 200
201 0.000735780000000 201
202 0.000688840000000 202
203 0.000726600000000 203
204 0.000810630000000 204
205 0.000770190000000 205
206 0.000671000000000 206
207 0.000733740000000 207
208 0.000827460000000 208
209 0.000738270000000 209
210 0.000689540000000 210
211 0.000690480000000 211
212 0.000810320000000 212
213 0.000809490000000 213
214 0.000720010000000 214
215 0.000734270000000 215
216 0.000719350000000 216
217 0.000671940000000 217
218 0.000733720000000 218
219 0.000727570000000 219
220 0.000735310000000 220
221 0.000726760000000 221
222 0.000727100000000 222
223 0.000674760000000 223
224 0.000704990000000 224
225 0.000696060000000 225
226 0.000667860000000 226
227 0.000737490000000 227
228 0.000732190000000 228
229 0.000728700000000 229
230 0.000709750000000 230
231 0.000734180000000 231
232 0.000722640000000 232
233 0.000768150000000 233
234 0.000743260000000 234
235 0.000734350000000 235
236 0.000748500000000 236
237 0.000774510000000 237
238 0.000771750000000 238
239 0.000730630000000 239
240 0.000749580000000 240
241 0.000762310000000 241
242 0.000758650000000 242
243 0.000762940000000 243
244 0.000760300000000 244
245 0.000739450000000 245
246 0.000754910000000 246
247 0.000764540000000 247
248 0.000794870000000 248
249 0.000786540000000 249
250 0.000857340000000 250
251 0.000889880000000 251
252 0.000931800000000 252
253 0.000844200000000 253
254 0.000953800000000 254
255 0.000909230000000 255
256 0.000940270000000 256
257 0.000910880000000 257
258 0.001095340000000 258
259 0.000896090000000 259
260 0.000898800000000 260
261 0.000923410000000 261
262 0.000981630000000 262
263 0.000953140000000 263
264 0.000813570000000 264
265 0.000815200000000 265
266 0.000986050000000 266
267 0.000942940000000 267
268 0.000912260000000 268
269 0.000961930000000 269
270 0.000989090000000 270
271 0.000977810000000 271
272 0.001083730000000 272
273 0.000975060000000 273
274 0.000949190000000 274
275 0.000846010000000 275
276 0.000839280000000 276
277 0.000859180000000 277
278 0.000883280000000 278
279 0.000892990000000 279
280 0.000841600000000 280
281 0.000883160000000 281
282 0.000861560000000 282
283 0.000877420000000 283
284 0.000887960000000 284
285 0.000886980000000 285
286 0.000887550000000 286
287 0.000848300000000 287
288 0.000872140000000 288
289 0.000919960000000 289
290 0.000922320000000 290
291 0.000969610000000 291
292 0.000935400000000 292
293 0.001093850000000 293
294 0.001154170000000 294
295 0.001127960000000 295
296 0.001151010000000 296
297 0.001054210000000 297
298 0.001120990000000 298
299 0.001109440000000 299
