1 0.000001470990000
2 0.000001456060000
3 0.000001462510000
4 0.000001455660000
5 0.000001451190000
6 0.000001460130000
7 0.000001460710000
8 0.000001458520000
9 0.000001449240000
10 0.000001453430000
11 0.000001455020000
12 0.000001456090000
13 0.000001453680000
14 0.000001451160000
15 0.000001459120000
16 0.000001453680000
17 0.000001452650000
18 0.000001454970000
19 0.000001448480000
20 0.000001453760000
21 0.000001456640000
22 0.000001454320000
23 0.000001452300000
24 0.000001448240000
25 0.000001453700000
26 0.000001455330000
27 0.000001452270000
28 0.000001451180000
29 0.000001455050000
