1 0.000004446100000 1
2 0.000007861500000 2
3 0.000012845800000 3
4 0.000016968200000 4
5 0.000020144000000 5
6 0.000020261400000 6
7 0.000027200300000 7
8 0.000031479700000 8
9 0.000036199100000 9
10 0.000036580800000 10
11 0.000041440200000 11
12 0.000044198100000 12
13 0.000044672700000 13
14 0.000048255600000 14
15 0.000054678100000 15
16 0.000060356300000 16
17 0.000062521100000 17
18 0.000074049400000 18
19 0.000073275000000 19
20 0.000074730600000 20
21 0.000072345100000 21
22 0.000071174600000 22
23 0.000076089500000 23
24 0.000077733900000 24
25 0.000086400300000 25
26 0.000089162200000 26
27 0.000097566300000 27
28 0.000107588000000 28
29 0.000111880700000 29
30 0.000105038500000 30
31 0.000115798900000 31
32 0.000105108400000 32
33 0.000110029200000 33
34 0.000113778300000 34
35 0.000117559300000 35
36 0.000119418000000 36
37 0.000124969300000 37
38 0.000129829300000 38
39 0.000135853400000 39
40 0.000132612000000 40
41 0.000135145500000 41
42 0.000140663900000 42
43 0.000159185300000 43
44 0.000169117700000 44
45 0.000160889300000 45
46 0.000160649900000 46
47 0.000162440600000 47
48 0.000162932300000 48
49 0.000165649000000 49
50 0.000178158100000 50
51 0.000184480700000 51
52 0.000200451600000 52
53 0.000191730500000 53
54 0.000195078300000 54
55 0.000191585800000 55
56 0.000193918600000 56
57 0.000201156400000 57
58 0.000210906600000 58
59 0.000224036300000 59
60 0.000219573800000 60
61 0.000243411000000 61
62 0.000221689200000 62
63 0.000212140900000 63
64 0.000243851200000 64
65 0.000229498500000 65
66 0.000225830600000 66
67 0.000228657900000 67
68 0.000241648200000 68
69 0.000250481500000 69
70 0.000263574900000 70
71 0.000293398200000 71
72 0.000270821700000 72
73 0.000262801400000 73
74 0.000265523100000 74
75 0.000258941900000 75
76 0.000278143400000 76
77 0.000308224900000 77
78 0.000310117300000 78
79 0.000281110000000 79
80 0.000276183200000 80
81 0.000295242100000 81
82 0.000286382900000 82
83 0.000282405900000 83
84 0.000320595500000 84
85 0.000337834200000 85
86 0.000334425800000 86
87 0.000350173500000 87
88 0.000309345200000 88
89 0.000319573700000 89
90 0.000304672400000 90
91 0.000315239600000 91
92 0.000354277200000 92
93 0.000365544100000 93
94 0.000350528300000 94
95 0.000343183200000 95
96 0.000328258600000 96
97 0.000329636100000 97
98 0.000366521900000 98
99 0.000348090700000 99
100 0.000351509300000 100
101 0.000366975300000 101
102 0.000393248200000 102
103 0.000408149000000 103
104 0.000387687700000 104
105 0.000365605800000 105
106 0.000387639400000 106
107 0.000379652500000 107
108 0.000371209700000 108
109 0.000375014100000 109
110 0.000412001000000 110
111 0.000433734500000 111
112 0.000386719400000 112
113 0.000438753300000 113
114 0.000402025800000 114
115 0.000391284900000 115
116 0.000398355800000 116
117 0.000424771100000 117
118 0.000447199900000 118
119 0.000429797400000 119
120 0.000416396100000 120
121 0.000450543000000 121
122 0.000447890100000 122
123 0.000470360200000 123
124 0.000491361600000 124
125 0.000424231000000 125
126 0.000479003300000 126
127 0.000433784200000 127
128 0.000437875300000 128
129 0.000442353100000 129
130 0.000493833500000 130
131 0.000477239100000 131
132 0.000513386100000 132
133 0.000480557100000 133
134 0.000482699100000 134
135 0.000461928800000 135
136 0.000469506800000 136
137 0.000476759000000 137
138 0.000486255000000 138
139 0.000536552100000 139
140 0.000494221200000 140
141 0.000533725100000 141
142 0.000522119500000 142
143 0.000525535900000 143
144 0.000534553600000 144
145 0.000502584000000 145
146 0.000520806800000 146
147 0.000500705400000 147
148 0.000508370800000 148
149 0.000515933900000 149
150 0.000510736400000 150
151 0.000554260700000 151
152 0.000562637600000 152
153 0.000552232100000 153
154 0.000525595700000 154
155 0.000593748900000 155
156 0.000553881600000 156
157 0.000552565800000 157
158 0.000542357900000 158
159 0.000559978900000 159
160 0.000585106700000 160
161 0.000578923000000 161
162 0.000568944500000 162
163 0.000569157900000 163
164 0.000581750600000 164
165 0.000604536600000 165
166 0.000604655600000 166
167 0.000648734700000 167
168 0.000658597400000 168
169 0.000600852100000 169
170 0.000611738600000 170
171 0.000648593100000 171
172 0.000565322400000 172
173 0.000620703300000 173
174 0.000612190600000 174
175 0.000620376100000 175
176 0.000622726700000 176
177 0.000623916000000 177
178 0.000628549300000 178
179 0.000624211700000 179
180 0.000621167700000 180
181 0.000630092500000 181
182 0.000621124600000 182
183 0.000686220400000 183
184 0.000720482500000 184
185 0.000743399800000 185
186 0.000716213300000 186
187 0.000716386800000 187
188 0.000714179000000 188
189 0.000735253100000 189
190 0.000749973000000 190
191 0.000739533600000 191
192 0.000733155100000 192
193 0.000768134900000 193
194 0.000761622000000 194
195 0.000762073900000 195
196 0.000744026800000 196
197 0.000775035800000 197
198 0.000790706800000 198
199 0.000750255600000 199
200 0.000783957900000 200
201 0.000783233800000 201
202 0.000740831600000 202
203 0.000775568200000 203
204 0.000775173300000 204
205 0.000799714600000 205
206 0.000805953100000 206
207 0.000803486000000 207
208 0.000799011700000 208
209 0.000776789200000 209
210 0.000797142600000 210
211 0.000790872500000 211
212 0.000829108300000 212
213 0.000819174600000 213
214 0.000820686100000 214
215 0.000815723000000 215
216 0.000814100600000 216
217 0.000862372200000 217
218 0.000802407400000 218
219 0.000843992400000 219
220 0.000833282000000 220
221 0.000870655100000 221
222 0.000879041800000 222
223 0.000850680500000 223
224 0.000796543800000 224
225 0.000878761400000 225
226 0.000860266200000 226
227 0.000895665900000 227
228 0.000884200600000 228
229 0.000886498900000 229
230 0.000881554300000 230
231 0.000872967900000 231
232 0.000900867400000 232
233 0.000869822500000 233
234 0.000916361000000 234
235 0.000916232900000 235
236 0.000952200800000 236
237 0.000931269500000 237
238 0.000930824800000 238
239 0.000947643400000 239
240 0.000942422400000 240
241 0.000924237700000 241
242 0.000916077400000 242
243 0.000972566800000 243
244 0.000934944100000 244
245 0.000943535800000 245
246 0.000957345300000 246
247 0.000966922400000 247
248 0.000951813400000 248
249 0.000988775200000 249
250 0.000980175600000 250
251 0.000982594600000 251
252 0.000949490400000 252
253 0.001005032800000 253
254 0.000978969500000 254
255 0.000957242500000 255
256 0.000970104000000 256
257 0.000994745200000 257
258 0.000990337200000 258
259 0.001001442800000 259
260 0.001007452000000 260
261 0.001025185200000 261
262 0.001051877600000 262
263 0.001032198300000 263
264 0.001005833700000 264
265 0.001033015600000 265
266 0.001039454600000 266
267 0.001035510700000 267
268 0.001077482900000 268
269 0.001034436100000 269
270 0.001055845600000 270
271 0.001032854600000 271
272 0.001045243100000 272
273 0.001073211200000 273
274 0.001070831400000 274
275 0.001066638900000 275
276 0.001050548400000 276
277 0.001077883500000 277
278 0.001073397400000 278
279 0.001077438700000 279
280 0.001069938000000 280
281 0.001058733800000 281
282 0.001087568100000 282
283 0.001077633900000 283
284 0.001084736200000 284
285 0.001101114300000 285
286 0.001140366100000 286
287 0.001091862200000 287
288 0.001120993200000 288
289 0.001130793100000 289
290 0.001100735300000 290
291 0.001129393500000 291
292 0.001150766200000 292
293 0.001136306800000 293
294 0.001126245900000 294
295 0.001135278700000 295
296 0.001131186200000 296
297 0.001151305300000 297
298 0.001161118400000 298
299 0.001152163400000 299
