1000 0.000000552000000 0.000000851000000 0.000000533000000
2000 0.000000204000000 0.000000316500000 0.000000204000000
3000 0.000000208666667 0.000000316000000 0.000000206000000
4000 0.000000200250000 0.000000303250000 0.000000203500000
5000 0.000000195600000 0.000000311800000 0.000000193600000
6000 0.000000194166667 0.000000304833333 0.000000194500000
7000 0.000000198000000 0.000000304714286 0.000000198142857
8000 0.000000198750000 0.000000310375000 0.000000192000000
9000 0.000000198000000 0.000000303444444 0.000000195888889
10000 0.000000199400000 0.000000308700000 0.000000196600000
11000 0.000000197181818 0.000000303454545 0.000000195000000
12000 0.000000194750000 0.000000308333333 0.000000197916667
13000 0.000000197230769 0.000000305615385 0.000000196615385
14000 0.000000197714286 0.000000305500000 0.000000196285714
15000 0.000000199600000 0.000000306533333 0.000000196000000
16000 0.000000199812500 0.000000305500000 0.000000195062500
17000 0.000000198882353 0.000000311000000 0.000000199588235
18000 0.000000201055556 0.000000307944444 0.000000197888889
19000 0.000000201368421 0.000000307157895 0.000000199210526
20000 0.000000202100000 0.000000310650000 0.000000201400000
21000 0.000000204619048 0.000000313809524 0.000000199619048
22000 0.000000202954545 0.000000309545455 0.000000201409091
23000 0.000000199782609 0.000000307043478 0.000000196478261
24000 0.000000199333333 0.000000307666667 0.000000197625000
25000 0.000000198240000 0.000000306520000 0.000000196440000
26000 0.000000200384615 0.000000308692308 0.000000198500000
27000 0.000000198666667 0.000000307148148 0.000000197037037
28000 0.000000201178571 0.000000304821429 0.000000199464286
29000 0.000000199310345 0.000000307896552 0.000000198379310
30000 0.000000199033333 0.000000309333333 0.000000198666667
31000 0.000000198548387 0.000000307709677 0.000000200548387
32000 0.000000199531250 0.000000307625000 0.000000198906250
33000 0.000000201666667 0.000000308484848 0.000000196696970
34000 0.000000199470588 0.000000308029412 0.000000197911765
35000 0.000000200314286 0.000000308771429 0.000000197200000
36000 0.000000201777778 0.000000307166667 0.000000198694444
37000 0.000000202513514 0.000000307918919 0.000000199081081
38000 0.000000202973684 0.000000310447368 0.000000200394737
39000 0.000000202769231 0.000000309666667 0.000000199025641
40000 0.000000200575000 0.000000309775000 0.000000200125000
41000 0.000000200853659 0.000000308024390 0.000000199682927
42000 0.000000199571429 0.000000309642857 0.000000201142857
43000 0.000000199720930 0.000000309581395 0.000000201348837
44000 0.000000199727273 0.000000306886364 0.000000199681818
45000 0.000000200844444 0.000000308000000 0.000000199222222
46000 0.000000201586957 0.000000307652174 0.000000200152174
47000 0.000000201063830 0.000000307851064 0.000000198276596
48000 0.000000201395833 0.000000309125000 0.000000198687500
49000 0.000000201367347 0.000000309877551 0.000000201265306
50000 0.000000200960000 0.000000306920000 0.000000198960000
51000 0.000000225745098 0.000000333450980 0.000000224431373
52000 0.000000202576923 0.000000312576923 0.000000200634615
53000 0.000000206528302 0.000000312943396 0.000000206566038
54000 0.000000201907407 0.000000308462963 0.000000199851852
55000 0.000000203672727 0.000000310909091 0.000000201127273
56000 0.000000201410714 0.000000308982143 0.000000199392857
57000 0.000000203070175 0.000000309526316 0.000000200210526
58000 0.000000201913793 0.000000309120690 0.000000200120690
59000 0.000000201932203 0.000000307779661 0.000000198525424
60000 0.000000201566667 0.000000308500000 0.000000198600000
61000 0.000000204081967 0.000000307934426 0.000000200639344
62000 0.000000206693548 0.000000311887097 0.000000201032258
63000 0.000000205206349 0.000000311904762 0.000000204650794
64000 0.000000207125000 0.000000313640625 0.000000203187500
65000 0.000000207323077 0.000000313430769 0.000000204892308
66000 0.000000205606061 0.000000311166667 0.000000204575758
67000 0.000000237179104 0.000000353731343 0.000000235164179
68000 0.000000204338235 0.000000311617647 0.000000205352941
69000 0.000000204956522 0.000000311942029 0.000000202217391
70000 0.000000200900000 0.000000309557143 0.000000201214286
71000 0.000000202690141 0.000000309661972 0.000000199436620
72000 0.000000201944444 0.000000307583333 0.000000199263889
73000 0.000000205027397 0.000000312917808 0.000000204589041
74000 0.000000203054054 0.000000309891892 0.000000202581081
75000 0.000000203026667 0.000000311133333 0.000000200373333
76000 0.000000204210526 0.000000311131579 0.000000199750000
77000 0.000000203740260 0.000000309636364 0.000000200883117
78000 0.000000200871795 0.000000311141026 0.000000202153846
79000 0.000000201569620 0.000000309962025 0.000000200936709
80000 0.000000203737500 0.000000308900000 0.000000200337500
81000 0.000000202395062 0.000000310814815 0.000000201296296
82000 0.000000203963415 0.000000308939024 0.000000200609756
83000 0.000000203722892 0.000000308397590 0.000000200421687
84000 0.000000201333333 0.000000309226190 0.000000203333333
85000 0.000000204894118 0.000000309505882 0.000000201670588
86000 0.000000203674419 0.000000310186047 0.000000202953488
87000 0.000000202574713 0.000000310528736 0.000000200908046
88000 0.000000203886364 0.000000310647727 0.000000201693182
89000 0.000000203460674 0.000000309898876 0.000000201539326
90000 0.000000202755556 0.000000311444444 0.000000201144444
91000 0.000000204659341 0.000000311989011 0.000000201109890
92000 0.000000203923913 0.000000311804348 0.000000201576087
93000 0.000000203086022 0.000000310268817 0.000000203516129
94000 0.000000204851064 0.000000309734043 0.000000201542553
95000 0.000000203915789 0.000000309105263 0.000000203968421
96000 0.000000205729167 0.000000310437500 0.000000201354167
97000 0.000000204711340 0.000000310340206 0.000000200876289
98000 0.000000203132653 0.000000311357143 0.000000202510204
99000 0.000000203858586 0.000000309787879 0.000000202252525
100000 0.000000203490000 0.000000308400000 0.000000201700000
101000 0.000000208891089 0.000000316118812 0.000000206405941
102000 0.000000205225490 0.000000311627451 0.000000204598039
103000 0.000000208009709 0.000000312417476 0.000000204796117
104000 0.000000204134615 0.000000311471154 0.000000201490385
105000 0.000000205247619 0.000000313076190 0.000000203028571
106000 0.000000204103774 0.000000310924528 0.000000203122642
107000 0.000000204785047 0.000000309850467 0.000000202644860
108000 0.000000204314815 0.000000309379630 0.000000203185185
109000 0.000000204055046 0.000000311165138 0.000000202834862
110000 0.000000204836364 0.000000309663636 0.000000203663636
111000 0.000000206450450 0.000000310072072 0.000000205495495
112000 0.000000204392857 0.000000309642857 0.000000205428571
113000 0.000000208628319 0.000000311840708 0.000000204849558
114000 0.000000204342105 0.000000310833333 0.000000205587719
115000 0.000000205295652 0.000000313095652 0.000000206356522
116000 0.000000210982759 0.000000316172414 0.000000212887931
117000 0.000000206094017 0.000000311598291 0.000000207948718
118000 0.000000205610169 0.000000312745763 0.000000205644068
119000 0.000000206302521 0.000000312025210 0.000000205210084
120000 0.000000245216667 0.000000352075000 0.000000247050000
121000 0.000000204586777 0.000000309917355 0.000000205570248
122000 0.000000203786885 0.000000312188525 0.000000201991803
123000 0.000000204682927 0.000000310902439 0.000000203065041
124000 0.000000203314516 0.000000311411290 0.000000203000000
125000 0.000000203208000 0.000000311160000 0.000000202656000
126000 0.000000204333333 0.000000311126984 0.000000201571429
127000 0.000000205779528 0.000000312322835 0.000000203929134
128000 0.000000204531250 0.000000312875000 0.000000203546875
129000 0.000000205581395 0.000000312178295 0.000000203976744
130000 0.000000205046154 0.000000311784615 0.000000204430769
131000 0.000000204618321 0.000000314000000 0.000000203923664
132000 0.000000204537879 0.000000312022727 0.000000204242424
133000 0.000000208233083 0.000000314157895 0.000000207759398
134000 0.000000206888060 0.000000313843284 0.000000205955224
135000 0.000000209222222 0.000000314622222 0.000000207607407
136000 0.000000208647059 0.000000314066176 0.000000208257353
137000 0.000000206467153 0.000000313467153 0.000000205029197
138000 0.000000206384058 0.000000313065217 0.000000205340580
139000 0.000000207431655 0.000000312568345 0.000000205086331
140000 0.000000208385714 0.000000315350000 0.000000209000000
141000 0.000000205851064 0.000000312886525 0.000000206411348
142000 0.000000210971831 0.000000318830986 0.000000209859155
143000 0.000000209160839 0.000000315580420 0.000000208069930
144000 0.000000211958333 0.000000318472222 0.000000212666667
145000 0.000000211020690 0.000000314889655 0.000000211234483
146000 0.000000211246575 0.000000316431507 0.000000210979452
147000 0.000000207142857 0.000000312707483 0.000000207571429
148000 0.000000208716216 0.000000313979730 0.000000206581081
149000 0.000000208127517 0.000000314563758 0.000000207590604
150000 0.000000207433333 0.000000312706667 0.000000205826667
151000 0.000000213072848 0.000000318211921 0.000000211629139
152000 0.000000211960526 0.000000317059211 0.000000212690789
153000 0.000000207823529 0.000000314130719 0.000000208287582
154000 0.000000207701299 0.000000313337662 0.000000209136364
155000 0.000000208174194 0.000000313974194 0.000000207335484
156000 0.000000206737179 0.000000313897436 0.000000205878205
157000 0.000000208535032 0.000000314407643 0.000000206159236
158000 0.000000208259494 0.000000315101266 0.000000205525316
159000 0.000000206981132 0.000000313264151 0.000000207459119
160000 0.000000208993750 0.000000313868750 0.000000209968750
161000 0.000000209322981 0.000000314726708 0.000000209931677
162000 0.000000210080247 0.000000316660494 0.000000209481481
163000 0.000000208595092 0.000000315533742 0.000000210331288
164000 0.000000209554878 0.000000314140244 0.000000208384146
165000 0.000000212866667 0.000000317690909 0.000000210715152
166000 0.000000209975904 0.000000314042169 0.000000209138554
167000 0.000000210035928 0.000000314173653 0.000000210724551
168000 0.000000208773810 0.000000313928571 0.000000208779762
169000 0.000000208899408 0.000000313461538 0.000000208798817
170000 0.000000209076471 0.000000313800000 0.000000207982353
171000 0.000000209543860 0.000000314298246 0.000000209818713
172000 0.000000205953488 0.000000312761628 0.000000204517442
173000 0.000000206404624 0.000000311543353 0.000000204202312
174000 0.000000207936782 0.000000311965517 0.000000205160920
175000 0.000000207457143 0.000000315057143 0.000000206217143
176000 0.000000207227273 0.000000314107955 0.000000206431818
177000 0.000000207406780 0.000000313468927 0.000000206242938
178000 0.000000206589888 0.000000313353933 0.000000205955056
179000 0.000000210290503 0.000000314407821 0.000000207597765
180000 0.000000287200000 0.000000391483333 0.000000286222222
181000 0.000000256055249 0.000000355883978 0.000000253911602
182000 0.000000210225275 0.000000315967033 0.000000211395604
183000 0.000000212486339 0.000000317016393 0.000000212289617
184000 0.000000210065217 0.000000314244565 0.000000207173913
185000 0.000000211675676 0.000000314837838 0.000000209718919
186000 0.000000210639785 0.000000314639785 0.000000207833333
187000 0.000000210165775 0.000000316278075 0.000000210288770
188000 0.000000209069149 0.000000316750000 0.000000209398936
189000 0.000000212862434 0.000000316433862 0.000000210571429
190000 0.000000209157895 0.000000313763158 0.000000209326316
191000 0.000000224523560 0.000000325429319 0.000000227303665
192000 0.000000212078125 0.000000317072917 0.000000212932292
193000 0.000000213927461 0.000000316098446 0.000000211528497
194000 0.000000211350515 0.000000316134021 0.000000211943299
195000 0.000000211205128 0.000000314415385 0.000000206666667
196000 0.000000211413265 0.000000314943878 0.000000208632653
197000 0.000000213928934 0.000000315807107 0.000000209817259
198000 0.000000213075758 0.000000316924242 0.000000211181818
199000 0.000000213979899 0.000000316286432 0.000000210150754
200000 0.000000213320000 0.000000314985000 0.000000211370000
201000 0.000000234537313 0.000000329776119 0.000000230348259
202000 0.000000221485149 0.000000321618812 0.000000218866337
203000 0.000000214300493 0.000000316251232 0.000000214236453
204000 0.000000213637255 0.000000315132353 0.000000210264706
205000 0.000000210551220 0.000000313165854 0.000000208946341
206000 0.000000214262136 0.000000316912621 0.000000213364078
207000 0.000000211753623 0.000000315101449 0.000000210367150
208000 0.000000210826923 0.000000315062500 0.000000209399038
209000 0.000000212220096 0.000000315330144 0.000000211071770
210000 0.000000215742857 0.000000317766667 0.000000214285714
211000 0.000000212170616 0.000000315867299 0.000000213677725
212000 0.000000211183962 0.000000316665094 0.000000212419811
213000 0.000000212291080 0.000000317009390 0.000000211718310
214000 0.000000211065421 0.000000317817757 0.000000212028037
215000 0.000000215827907 0.000000319781395 0.000000217158140
216000 0.000000218722222 0.000000319310185 0.000000214953704
217000 0.000000217635945 0.000000321589862 0.000000219087558
218000 0.000000214357798 0.000000317481651 0.000000215509174
219000 0.000000216712329 0.000000319689498 0.000000215168950
220000 0.000000215554545 0.000000318418182 0.000000214081818
221000 0.000000217434389 0.000000318669683 0.000000216000000
222000 0.000000213405405 0.000000315504505 0.000000212139640
223000 0.000000214022422 0.000000316376682 0.000000214053812
224000 0.000000211571429 0.000000315870536 0.000000211607143
225000 0.000000210711111 0.000000315342222 0.000000211097778
226000 0.000000213530973 0.000000316752212 0.000000212323009
227000 0.000000214118943 0.000000316647577 0.000000211986784
228000 0.000000217267544 0.000000321552632 0.000000217609649
229000 0.000000213580786 0.000000318257642 0.000000213358079
230000 0.000000216660870 0.000000319478261 0.000000215456522
231000 0.000000223051948 0.000000325818182 0.000000223129870
232000 0.000000219724138 0.000000321142241 0.000000218573276
233000 0.000000217901288 0.000000321716738 0.000000218536481
234000 0.000000218991453 0.000000320833333 0.000000220128205
235000 0.000000220834043 0.000000322055319 0.000000219297872
236000 0.000000216500000 0.000000321322034 0.000000216762712
237000 0.000000214248945 0.000000319400844 0.000000214565401
238000 0.000000218105042 0.000000321016807 0.000000215781513
239000 0.000000215401674 0.000000318313808 0.000000214025105
240000 0.000000214470833 0.000000317779167 0.000000213929167
241000 0.000000213062241 0.000000318979253 0.000000213564315
242000 0.000000216012397 0.000000318983471 0.000000216764463
243000 0.000000214950617 0.000000318543210 0.000000214358025
244000 0.000000214409836 0.000000316762295 0.000000213340164
245000 0.000000215771429 0.000000319085714 0.000000217183673
246000 0.000000220386179 0.000000322174797 0.000000220280488
247000 0.000000226388664 0.000000325801619 0.000000226076923
248000 0.000000221322581 0.000000321076613 0.000000219500000
249000 0.000000221064257 0.000000322987952 0.000000219831325
250000 0.000000226100000 0.000000326796000 0.000000227000000
251000 0.000000234067729 0.000000331462151 0.000000233111554
252000 0.000000229646825 0.000000327257937 0.000000226519841
253000 0.000000241185771 0.000000335173913 0.000000240134387
254000 0.000000223385827 0.000000323062992 0.000000221358268
255000 0.000000223894118 0.000000323858824 0.000000222168627
256000 0.000000223199219 0.000000322070313 0.000000222945313
257000 0.000000223482490 0.000000322264591 0.000000222276265
258000 0.000000222042636 0.000000320616279 0.000000219538760
259000 0.000000223957529 0.000000321976834 0.000000222428571
260000 0.000000225553846 0.000000324484615 0.000000225484615
261000 0.000000225601533 0.000000325647510 0.000000226681992
262000 0.000000226209924 0.000000327774809 0.000000228923664
263000 0.000000224885932 0.000000325079848 0.000000223581749
264000 0.000000221170455 0.000000322560606 0.000000222155303
265000 0.000000234305660 0.000000333543396 0.000000232671698
266000 0.000000220398496 0.000000319977444 0.000000218000000
267000 0.000000221284644 0.000000322823970 0.000000221033708
268000 0.000000224779851 0.000000322134328 0.000000220190299
269000 0.000000227037175 0.000000326695167 0.000000226115242
270000 0.000000226162963 0.000000324844444 0.000000225211111
271000 0.000000223833948 0.000000323523985 0.000000225143911
272000 0.000000224261029 0.000000323830882 0.000000226518382
273000 0.000000231996337 0.000000330904762 0.000000233505495
274000 0.000000227003650 0.000000327328467 0.000000227208029
275000 0.000000227400000 0.000000325352727 0.000000226854545
276000 0.000000224217391 0.000000324315217 0.000000224405797
277000 0.000000225772563 0.000000325996390 0.000000225025271
278000 0.000000221856115 0.000000324161871 0.000000224356115
279000 0.000000229390681 0.000000326856631 0.000000225921147
280000 0.000000224221429 0.000000325653571 0.000000223489286
281000 0.000000223996441 0.000000324313167 0.000000222224199
282000 0.000000223507092 0.000000324464539 0.000000221315603
283000 0.000000224229682 0.000000323053004 0.000000220685512
284000 0.000000232454225 0.000000326204225 0.000000230232394
285000 0.000000227028070 0.000000326017544 0.000000226203509
286000 0.000000228881119 0.000000326660839 0.000000227164336
287000 0.000000231010453 0.000000328334495 0.000000230745645
288000 0.000000228090278 0.000000325798611 0.000000225833333
289000 0.000000227221453 0.000000324788927 0.000000226615917
290000 0.000000226620690 0.000000324589655 0.000000226320690
291000 0.000000227292096 0.000000325326460 0.000000225323024
292000 0.000000227736301 0.000000326904110 0.000000225934932
293000 0.000000227733788 0.000000325307167 0.000000225812287
294000 0.000000228173469 0.000000325323129 0.000000225748299
295000 0.000000228389831 0.000000325742373 0.000000225396610
296000 0.000000226912162 0.000000325307432 0.000000224726351
297000 0.000000228730640 0.000000326249158 0.000000226781145
298000 0.000000227593960 0.000000325238255 0.000000226406040
299000 0.000000222334448 0.000000323812709 0.000000221822742
300000 0.000000225780000 0.000000324093333 0.000000224666667
301000 0.000000238910299 0.000000332222591 0.000000236707641
302000 0.000000234874172 0.000000331605960 0.000000233966887
303000 0.000000223970297 0.000000324062706 0.000000222462046
304000 0.000000225792763 0.000000324154605 0.000000224207237
305000 0.000000223849180 0.000000323665574 0.000000221983607
306000 0.000000225964052 0.000000324267974 0.000000226049020
307000 0.000000225309446 0.000000321081433 0.000000224159609
308000 0.000000224548701 0.000000323003247 0.000000222743506
309000 0.000000225611650 0.000000325812298 0.000000224352751
310000 0.000000222990323 0.000000322638710 0.000000222732258
311000 0.000000222845659 0.000000321456592 0.000000221372990
312000 0.000000223605769 0.000000321794872 0.000000221429487
313000 0.000000224182109 0.000000322856230 0.000000223920128
314000 0.000000223949045 0.000000322251592 0.000000221458599
315000 0.000000226215873 0.000000326088889 0.000000225495238
316000 0.000000224607595 0.000000322848101 0.000000224522152
317000 0.000000228627760 0.000000325675079 0.000000226217666
318000 0.000000223062893 0.000000321726415 0.000000222547170
319000 0.000000226206897 0.000000323746082 0.000000225514107
320000 0.000000224312500 0.000000321906250 0.000000222087500
321000 0.000000226697819 0.000000324271028 0.000000225778816
322000 0.000000223810559 0.000000322531056 0.000000222618012
323000 0.000000224913313 0.000000324136223 0.000000222705882
324000 0.000000224117284 0.000000323262346 0.000000223234568
325000 0.000000223452308 0.000000321575385 0.000000221550769
326000 0.000000227684049 0.000000323987730 0.000000225131902
327000 0.000000225235474 0.000000323140673 0.000000223724771
328000 0.000000232695122 0.000000326609756 0.000000230323171
329000 0.000000225772036 0.000000323112462 0.000000225097264
330000 0.000000229245455 0.000000325396970 0.000000227512121
331000 0.000000224577039 0.000000323166163 0.000000225320242
332000 0.000000233927711 0.000000328722892 0.000000232403614
333000 0.000000227234234 0.000000323126126 0.000000225636637
334000 0.000000228523952 0.000000324473054 0.000000227101796
335000 0.000000226940299 0.000000323546269 0.000000225152239
336000 0.000000234130952 0.000000330428571 0.000000233455357
337000 0.000000226768546 0.000000324427300 0.000000224510386
338000 0.000000226479290 0.000000324988166 0.000000226405325
339000 0.000000226176991 0.000000324890855 0.000000225356932
340000 0.000000228247059 0.000000324685294 0.000000225538235
341000 0.000000225668622 0.000000324917889 0.000000225671554
342000 0.000000228538012 0.000000325757310 0.000000228426901
343000 0.000000228932945 0.000000326221574 0.000000226157434
344000 0.000000227834302 0.000000325360465 0.000000225912791
345000 0.000000230542029 0.000000325881159 0.000000226811594
346000 0.000000229580925 0.000000325459538 0.000000225205202
347000 0.000000226357349 0.000000323164265 0.000000222801153
348000 0.000000226376437 0.000000324310345 0.000000225083333
349000 0.000000224240688 0.000000322060172 0.000000221028653
350000 0.000000224588571 0.000000321865714 0.000000222454286
351000 0.000000245319088 0.000000336945869 0.000000244054131
352000 0.000000243625000 0.000000333900568 0.000000241588068
353000 0.000000234869688 0.000000329286119 0.000000231813031
354000 0.000000231997175 0.000000328254237 0.000000230649718
355000 0.000000239335211 0.000000334715493 0.000000237704225
356000 0.000000234224719 0.000000328016854 0.000000230876404
357000 0.000000232985994 0.000000327131653 0.000000228551821
358000 0.000000235047486 0.000000327966480 0.000000228807263
359000 0.000000230660167 0.000000327615599 0.000000230844011
360000 0.000000231052778 0.000000325708333 0.000000228516667
361000 0.000000227382271 0.000000325853186 0.000000227371191
362000 0.000000256696133 0.000000349019337 0.000000255751381
363000 0.000000232217631 0.000000325848485 0.000000229911846
364000 0.000000230934066 0.000000328510989 0.000000230527473
365000 0.000000233558904 0.000000329246575 0.000000231079452
366000 0.000000233928962 0.000000329139344 0.000000231819672
367000 0.000000231931880 0.000000326920981 0.000000228697548
368000 0.000000228796196 0.000000325505435 0.000000226646739
369000 0.000000228699187 0.000000325273713 0.000000226704607
370000 0.000000231913514 0.000000326956757 0.000000229740541
371000 0.000000232188679 0.000000327072776 0.000000231463612
372000 0.000000228948925 0.000000324970430 0.000000227803763
373000 0.000000234286863 0.000000329678284 0.000000233128686
374000 0.000000231983957 0.000000328478610 0.000000232582888
375000 0.000000231797333 0.000000326634667 0.000000227722667
376000 0.000000229542553 0.000000324244681 0.000000226845745
377000 0.000000227344828 0.000000323785146 0.000000224251989
378000 0.000000231822751 0.000000326661376 0.000000228320106
379000 0.000000228422164 0.000000324118734 0.000000226329815
380000 0.000000237110526 0.000000334244737 0.000000235668421
381000 0.000000233367454 0.000000327884514 0.000000231123360
382000 0.000000235908377 0.000000329900524 0.000000234646597
383000 0.000000237514360 0.000000330342037 0.000000235078329
384000 0.000000232414063 0.000000326700521 0.000000230557292
385000 0.000000235392208 0.000000328774026 0.000000232335065
386000 0.000000235769430 0.000000328129534 0.000000233533679
387000 0.000000230266150 0.000000325361757 0.000000227726098
388000 0.000000235817010 0.000000329229381 0.000000233056701
389000 0.000000232868895 0.000000326161954 0.000000229760925
390000 0.000000236582051 0.000000329392308 0.000000234625641
391000 0.000000234685422 0.000000328296675 0.000000232588235
392000 0.000000232663265 0.000000328127551 0.000000231913265
393000 0.000000229651399 0.000000325768448 0.000000229709924
394000 0.000000228756345 0.000000325380711 0.000000229116751
395000 0.000000235572152 0.000000327886076 0.000000233979747
396000 0.000000234378788 0.000000328053030 0.000000232926768
397000 0.000000237586902 0.000000329453401 0.000000234209068
398000 0.000000248856784 0.000000339032663 0.000000247208543
399000 0.000000234696742 0.000000329187970 0.000000232368421
400000 0.000000234775000 0.000000327695000 0.000000232687500
401000 0.000000256142145 0.000000345423940 0.000000253655860
402000 0.000000267930348 0.000000355365672 0.000000265116915
403000 0.000000240709677 0.000000332905707 0.000000240076923
404000 0.000000238542079 0.000000330794554 0.000000237381188
405000 0.000000235748148 0.000000329560494 0.000000233696296
406000 0.000000243689655 0.000000337256158 0.000000242657635
407000 0.000000222159705 0.000000319410319 0.000000219378378
408000 0.000000221955882 0.000000319691176 0.000000220080882
409000 0.000000222154034 0.000000319929095 0.000000220261614
410000 0.000000218643902 0.000000317500000 0.000000217295122
411000 0.000000220092457 0.000000319532847 0.000000219014599
412000 0.000000221750000 0.000000320128641 0.000000220754854
413000 0.000000220118644 0.000000318571429 0.000000217937046
414000 0.000000223492754 0.000000321439614 0.000000222050725
415000 0.000000219144578 0.000000317453012 0.000000216795181
416000 0.000000225375000 0.000000321435096 0.000000223225962
417000 0.000000220563549 0.000000317515588 0.000000217374101
418000 0.000000219961722 0.000000318289474 0.000000218564593
419000 0.000000218002387 0.000000317028640 0.000000215789976
420000 0.000000220909524 0.000000320619048 0.000000220283333
421000 0.000000220662708 0.000000319040380 0.000000219444181
422000 0.000000219443128 0.000000319886256 0.000000217563981
423000 0.000000221352246 0.000000319321513 0.000000219515366
424000 0.000000215337264 0.000000314721698 0.000000213981132
425000 0.000000221345882 0.000000319487059 0.000000219150588
426000 0.000000217319249 0.000000315572770 0.000000214922535
427000 0.000000220784543 0.000000318976581 0.000000218025761
428000 0.000000230051402 0.000000325035047 0.000000228329439
429000 0.000000217783217 0.000000317300699 0.000000216128205
430000 0.000000221930233 0.000000319746512 0.000000220339535
431000 0.000000225322506 0.000000322591647 0.000000223645012
432000 0.000000222023148 0.000000319432870 0.000000220673611
433000 0.000000222297921 0.000000320233256 0.000000220803695
434000 0.000000224041475 0.000000320380184 0.000000222748848
435000 0.000000224227586 0.000000321236782 0.000000223303448
436000 0.000000228555046 0.000000323754587 0.000000227740826
437000 0.000000220727689 0.000000319981693 0.000000220254005
438000 0.000000215643836 0.000000315787671 0.000000213646119
439000 0.000000223886105 0.000000320703872 0.000000221416856
440000 0.000000221029545 0.000000320154545 0.000000220361364
441000 0.000000225632653 0.000000321718821 0.000000223424036
442000 0.000000218085973 0.000000317160633 0.000000216850679
443000 0.000000221747178 0.000000320422122 0.000000220544018
444000 0.000000222689189 0.000000320434685 0.000000220855856
445000 0.000000221712360 0.000000320793258 0.000000221946067
446000 0.000000216542601 0.000000316769058 0.000000215719731
447000 0.000000215852349 0.000000316239374 0.000000214586130
448000 0.000000219796875 0.000000319372768 0.000000219392857
449000 0.000000223282851 0.000000321679287 0.000000223307350
450000 0.000000222606667 0.000000319837778 0.000000220500000
451000 0.000000237773836 0.000000332228381 0.000000235698448
452000 0.000000232269912 0.000000328500000 0.000000230798673
453000 0.000000226527594 0.000000322852097 0.000000224364238
454000 0.000000225665198 0.000000323504405 0.000000223174009
455000 0.000000221090110 0.000000319476923 0.000000218582418
456000 0.000000224184211 0.000000322629386 0.000000223083333
457000 0.000000222757112 0.000000320682713 0.000000221888403
458000 0.000000227286026 0.000000323820961 0.000000225375546
459000 0.000000223701525 0.000000321111111 0.000000221849673
460000 0.000000226419565 0.000000322984783 0.000000223489130
461000 0.000000222485900 0.000000321418655 0.000000221533623
462000 0.000000221558442 0.000000320993506 0.000000219846320
463000 0.000000225142549 0.000000322267819 0.000000223764579
464000 0.000000219745690 0.000000319963362 0.000000219657328
465000 0.000000222621505 0.000000320668817 0.000000220298925
466000 0.000000230060086 0.000000325165236 0.000000227875536
467000 0.000000224695931 0.000000321267666 0.000000221794433
468000 0.000000225399573 0.000000322685897 0.000000223807692
469000 0.000000264528785 0.000000350880597 0.000000260646055
470000 0.000000232104255 0.000000325861702 0.000000230589362
471000 0.000000232649682 0.000000326802548 0.000000229804671
472000 0.000000222707627 0.000000321069915 0.000000221105932
473000 0.000000223809725 0.000000321135307 0.000000222021142
474000 0.000000227006329 0.000000323533755 0.000000224584388
475000 0.000000223421053 0.000000320498947 0.000000219825263
476000 0.000000223789916 0.000000320924370 0.000000219766807
477000 0.000000226832285 0.000000323174004 0.000000223721174
478000 0.000000229650628 0.000000324110879 0.000000226048117
479000 0.000000228093946 0.000000323321503 0.000000224396660
480000 0.000000227045833 0.000000322595833 0.000000224791667
481000 0.000000232864865 0.000000327108108 0.000000231359667
482000 0.000000226188797 0.000000323192946 0.000000224219917
483000 0.000000231850932 0.000000326726708 0.000000230571429
484000 0.000000228045455 0.000000323520661 0.000000224487603
485000 0.000000229554639 0.000000326037113 0.000000226346392
486000 0.000000227267490 0.000000323462963 0.000000224576132
487000 0.000000228790554 0.000000324716632 0.000000226381930
488000 0.000000233264344 0.000000326834016 0.000000229645492
489000 0.000000226339468 0.000000322691207 0.000000223670757
490000 0.000000231530612 0.000000326163265 0.000000227661224
491000 0.000000231191446 0.000000326036660 0.000000227342159
492000 0.000000227906504 0.000000323884146 0.000000225886179
493000 0.000000227699797 0.000000324304260 0.000000226383367
494000 0.000000225404858 0.000000321700405 0.000000223208502
495000 0.000000226638384 0.000000323181818 0.000000224202020
496000 0.000000221683468 0.000000320459677 0.000000222135081
497000 0.000000233752515 0.000000328857143 0.000000233044266
498000 0.000000234024096 0.000000328853414 0.000000231734940
499000 0.000000232430862 0.000000327084168 0.000000229951904
