1000 0.000000738000000 0.000001432000000 0.000000718000000
2000 0.000000209500000 0.000000412500000 0.000000208000000
3000 0.000000217000000 0.000000411000000 0.000000213333333
4000 0.000000219250000 0.000000407250000 0.000000215250000
5000 0.000000216600000 0.000000414000000 0.000000218600000
6000 0.000000234333333 0.000000425000000 0.000000226500000
7000 0.000000221142857 0.000000414571429 0.000000220000000
8000 0.000000219875000 0.000000412250000 0.000000219125000
9000 0.000000217777778 0.000000415000000 0.000000218333333
10000 0.000000218900000 0.000000411900000 0.000000221100000
11000 0.000000222636364 0.000000412727273 0.000000219272727
12000 0.000000216333333 0.000000413666667 0.000000218166667
13000 0.000000220923077 0.000000415307692 0.000000220307692
14000 0.000000221928571 0.000000416000000 0.000000221857143
15000 0.000000218066667 0.000000412533333 0.000000219333333
16000 0.000000222312500 0.000000414625000 0.000000222500000
17000 0.000000222235294 0.000000414588235 0.000000224176471
18000 0.000000221055556 0.000000414444444 0.000000221611111
19000 0.000000220526316 0.000000416947368 0.000000224526316
20000 0.000000222300000 0.000000415650000 0.000000225050000
21000 0.000000224761905 0.000000415190476 0.000000221619048
22000 0.000000222545455 0.000000415227273 0.000000222454545
23000 0.000000223565217 0.000000417304348 0.000000221347826
24000 0.000000224208333 0.000000416625000 0.000000221791667
25000 0.000000223760000 0.000000415840000 0.000000224120000
26000 0.000000230115385 0.000000418961538 0.000000225230769
27000 0.000000227407407 0.000000418481481 0.000000225851852
28000 0.000000224892857 0.000000418535714 0.000000223178571
29000 0.000000225517241 0.000000418758621 0.000000224724138
30000 0.000000226366667 0.000000418233333 0.000000226266667
31000 0.000000224096774 0.000000417032258 0.000000225032258
32000 0.000000224625000 0.000000418843750 0.000000224937500
33000 0.000000223878788 0.000000417424242 0.000000222636364
34000 0.000000225823529 0.000000417117647 0.000000225647059
35000 0.000000223000000 0.000000417542857 0.000000223342857
36000 0.000000224111111 0.000000419027778 0.000000224916667
37000 0.000000224567568 0.000000419729730 0.000000224054054
38000 0.000000226289474 0.000000418815789 0.000000224657895
39000 0.000000229487179 0.000000421974359 0.000000225769231
40000 0.000000227275000 0.000000418175000 0.000000224275000
41000 0.000000227073171 0.000000419512195 0.000000225317073
42000 0.000000227904762 0.000000418976190 0.000000224619048
43000 0.000000227441860 0.000000418790698 0.000000224953488
44000 0.000000224636364 0.000000419636364 0.000000225954545
45000 0.000000227355556 0.000000418866667 0.000000226422222
46000 0.000000227543478 0.000000420347826 0.000000227478261
47000 0.000000227319149 0.000000419510638 0.000000225000000
48000 0.000000228145833 0.000000421250000 0.000000227729167
49000 0.000000237714286 0.000000426591837 0.000000231163265
50000 0.000000225400000 0.000000420640000 0.000000226960000
51000 0.000000235823529 0.000000429333333 0.000000234764706
52000 0.000000228442308 0.000000420480769 0.000000227750000
53000 0.000000228132075 0.000000418490566 0.000000226283019
54000 0.000000226518519 0.000000419240741 0.000000226703704
55000 0.000000227072727 0.000000420436364 0.000000226872727
56000 0.000000227821429 0.000000421589286 0.000000226535714
57000 0.000000230333333 0.000000421508772 0.000000227807018
58000 0.000000226137931 0.000000420534483 0.000000225534483
59000 0.000000225711864 0.000000420576271 0.000000226644068
60000 0.000000227300000 0.000000420266667 0.000000226200000
61000 0.000000228934426 0.000000422065574 0.000000229459016
62000 0.000000230306452 0.000000422290323 0.000000229000000
63000 0.000000230904762 0.000000422301587 0.000000229206349
64000 0.000000227921875 0.000000422156250 0.000000228312500
65000 0.000000227861538 0.000000422661538 0.000000227476923
66000 0.000000226863636 0.000000420787879 0.000000226606061
67000 0.000000227731343 0.000000420746269 0.000000227552239
68000 0.000000228088235 0.000000421720588 0.000000228808824
69000 0.000000228608696 0.000000420246377 0.000000228666667
70000 0.000000228185714 0.000000422314286 0.000000228928571
71000 0.000000226619718 0.000000420563380 0.000000226985915
72000 0.000000229333333 0.000000422083333 0.000000229291667
73000 0.000000228712329 0.000000421547945 0.000000227684932
74000 0.000000231432432 0.000000425364865 0.000000231297297
75000 0.000000230760000 0.000000424346667 0.000000229813333
76000 0.000000230000000 0.000000423250000 0.000000231223684
77000 0.000000229922078 0.000000423480519 0.000000229701299
78000 0.000000228653846 0.000000422974359 0.000000228884615
79000 0.000000229303797 0.000000423379747 0.000000229316456
80000 0.000000228712500 0.000000424075000 0.000000230387500
81000 0.000000229481481 0.000000423938272 0.000000230975309
82000 0.000000232134146 0.000000424353659 0.000000231012195
83000 0.000000230542169 0.000000423168675 0.000000230060241
84000 0.000000230107143 0.000000423928571 0.000000231142857
85000 0.000000229494118 0.000000422682353 0.000000228976471
86000 0.000000228569767 0.000000422930233 0.000000229116279
87000 0.000000228827586 0.000000422862069 0.000000229080460
88000 0.000000229761364 0.000000424056818 0.000000230443182
89000 0.000000232292135 0.000000426022472 0.000000233056180
90000 0.000000229266667 0.000000423422222 0.000000229900000
91000 0.000000232736264 0.000000424692308 0.000000230098901
92000 0.000000231141304 0.000000424282609 0.000000229804348
93000 0.000000233032258 0.000000424698925 0.000000232946237
94000 0.000000229425532 0.000000423074468 0.000000229148936
95000 0.000000233421053 0.000000424494737 0.000000231084211
96000 0.000000233427083 0.000000426010417 0.000000232000000
97000 0.000000229824742 0.000000423515464 0.000000229835052
98000 0.000000230081633 0.000000424673469 0.000000230806122
99000 0.000000229696970 0.000000423070707 0.000000230010101
100000 0.000000235610000 0.000000425150000 0.000000233830000
101000 0.000000250455446 0.000000437900990 0.000000250722772
102000 0.000000256833333 0.000000442000000 0.000000257774510
103000 0.000000235514563 0.000000426320388 0.000000233757282
104000 0.000000238346154 0.000000428490385 0.000000237721154
105000 0.000000241561905 0.000000430057143 0.000000240000000
106000 0.000000235660377 0.000000425226415 0.000000235075472
107000 0.000000241962617 0.000000430336449 0.000000242037383
108000 0.000000239185185 0.000000429055556 0.000000237888889
109000 0.000000235788991 0.000000426422018 0.000000233596330
110000 0.000000244272727 0.000000432227273 0.000000244227273
111000 0.000000234387387 0.000000425522523 0.000000233207207
112000 0.000000235160714 0.000000425178571 0.000000232660714
113000 0.000000232380531 0.000000424371681 0.000000234637168
114000 0.000000231745614 0.000000425140351 0.000000232421053
115000 0.000000235052174 0.000000426408696 0.000000234991304
116000 0.000000233767241 0.000000424793103 0.000000232405172
117000 0.000000235649573 0.000000424632479 0.000000233051282
118000 0.000000233338983 0.000000425491525 0.000000233338983
119000 0.000000237764706 0.000000426655462 0.000000238630252
120000 0.000000238841667 0.000000426775000 0.000000237275000
121000 0.000000237049587 0.000000427305785 0.000000238115702
122000 0.000000238147541 0.000000428565574 0.000000238049180
123000 0.000000241186992 0.000000429178862 0.000000240447154
124000 0.000000233669355 0.000000424967742 0.000000233959677
125000 0.000000234560000 0.000000425376000 0.000000234024000
126000 0.000000238500000 0.000000426984127 0.000000237015873
127000 0.000000238850394 0.000000429535433 0.000000241370079
128000 0.000000235273438 0.000000426726563 0.000000236671875
129000 0.000000233503876 0.000000425860465 0.000000236038760
130000 0.000000242007692 0.000000426807692 0.000000237830769
131000 0.000000240000000 0.000000430221374 0.000000241396947
132000 0.000000234659091 0.000000426204545 0.000000237030303
133000 0.000000236045113 0.000000426992481 0.000000236082707
134000 0.000000241813433 0.000000427671642 0.000000239492537
135000 0.000000238785185 0.000000427200000 0.000000238022222
136000 0.000000235683824 0.000000424698529 0.000000236875000
137000 0.000000235781022 0.000000426693431 0.000000237481752
138000 0.000000238166667 0.000000426565217 0.000000239340580
139000 0.000000242561151 0.000000428517986 0.000000243107914
140000 0.000000239285714 0.000000426557143 0.000000238357143
141000 0.000000238858156 0.000000426553191 0.000000238382979
142000 0.000000237161972 0.000000425950704 0.000000238563380
143000 0.000000242055944 0.000000429125874 0.000000244020979
144000 0.000000239062500 0.000000426166667 0.000000238305556
145000 0.000000238882759 0.000000427827586 0.000000240234483
146000 0.000000275520548 0.000000456684932 0.000000271869863
147000 0.000000289414966 0.000000460530612 0.000000281605442
148000 0.000000248871622 0.000000434270270 0.000000249918919
149000 0.000000250033557 0.000000434228188 0.000000248791946
150000 0.000000248913333 0.000000435153333 0.000000249546667
151000 0.000000269092715 0.000000444384106 0.000000266894040
152000 0.000000304447368 0.000000472539474 0.000000298730263
153000 0.000000253941176 0.000000434601307 0.000000251111111
154000 0.000000253292208 0.000000435305195 0.000000254435065
155000 0.000000247406452 0.000000431845161 0.000000245290323
156000 0.000000255378205 0.000000438551282 0.000000253756410
157000 0.000000255000000 0.000000438522293 0.000000255808917
158000 0.000000256544304 0.000000436341772 0.000000254189873
159000 0.000000253251572 0.000000436716981 0.000000253767296
160000 0.000000255218750 0.000000437650000 0.000000254700000
161000 0.000000256826087 0.000000437149068 0.000000257204969
162000 0.000000255524691 0.000000438469136 0.000000255586420
163000 0.000000241104294 0.000000428251534 0.000000241202454
164000 0.000000245512195 0.000000431847561 0.000000247128049
165000 0.000000243800000 0.000000428454545 0.000000243054545
166000 0.000000248240964 0.000000431307229 0.000000248500000
167000 0.000000249041916 0.000000432526946 0.000000249568862
168000 0.000000241755952 0.000000428934524 0.000000242511905
169000 0.000000243142012 0.000000428431953 0.000000242840237
170000 0.000000245800000 0.000000428688235 0.000000244464706
171000 0.000000244771930 0.000000429660819 0.000000246099415
172000 0.000000247610465 0.000000428226744 0.000000243412791
173000 0.000000247387283 0.000000430710983 0.000000247306358
174000 0.000000248988506 0.000000432080460 0.000000248706897
175000 0.000000247445714 0.000000431325714 0.000000248714286
176000 0.000000245687500 0.000000431187500 0.000000244909091
177000 0.000000249423729 0.000000433649718 0.000000250322034
178000 0.000000245314607 0.000000430089888 0.000000245589888
179000 0.000000245385475 0.000000429614525 0.000000246268156
180000 0.000000247933333 0.000000432605556 0.000000248283333
181000 0.000000245646409 0.000000430370166 0.000000245491713
182000 0.000000245747253 0.000000429021978 0.000000244318681
183000 0.000000247355191 0.000000431852459 0.000000247923497
184000 0.000000249331522 0.000000432375000 0.000000246076087
185000 0.000000245697297 0.000000430378378 0.000000245421622
186000 0.000000252505376 0.000000431881720 0.000000250252688
187000 0.000000247058824 0.000000431336898 0.000000248860963
188000 0.000000252223404 0.000000433159574 0.000000251914894
189000 0.000000252481481 0.000000433962963 0.000000252492063
190000 0.000000251547368 0.000000433673684 0.000000253252632
191000 0.000000246204188 0.000000430691099 0.000000246350785
192000 0.000000254802083 0.000000435770833 0.000000254442708
193000 0.000000247207254 0.000000431564767 0.000000249212435
194000 0.000000254845361 0.000000436036082 0.000000255907216
195000 0.000000251476923 0.000000432871795 0.000000252025641
196000 0.000000255188776 0.000000434841837 0.000000253734694
197000 0.000000253309645 0.000000434390863 0.000000254000000
198000 0.000000255146465 0.000000435878788 0.000000256262626
199000 0.000000256839196 0.000000437025126 0.000000259160804
200000 0.000000259585000 0.000000436695000 0.000000260270000
201000 0.000000262616915 0.000000438815920 0.000000261318408
202000 0.000000269638614 0.000000444485149 0.000000269618812
203000 0.000000248093596 0.000000431241379 0.000000248689655
204000 0.000000246142157 0.000000429754902 0.000000246593137
205000 0.000000244951220 0.000000429273171 0.000000246043902
206000 0.000000249805825 0.000000431689320 0.000000250213592
207000 0.000000249217391 0.000000430371981 0.000000246521739
208000 0.000000249201923 0.000000431932692 0.000000248394231
209000 0.000000250899522 0.000000429722488 0.000000248282297
210000 0.000000253738095 0.000000435033333 0.000000253252381
211000 0.000000249568720 0.000000431573460 0.000000249279621
212000 0.000000251377358 0.000000431929245 0.000000252551887
213000 0.000000249887324 0.000000431417840 0.000000250868545
214000 0.000000247523364 0.000000430644860 0.000000247883178
215000 0.000000259632558 0.000000438776744 0.000000258372093
216000 0.000000309027778 0.000000468439815 0.000000304143519
217000 0.000000354981567 0.000000506944700 0.000000357092166
218000 0.000000335747706 0.000000490178899 0.000000344256881
219000 0.000000264844749 0.000000441356164 0.000000264630137
220000 0.000000312045455 0.000000473231818 0.000000312804545
221000 0.000000319515837 0.000000482171946 0.000000322203620
222000 0.000000262130631 0.000000441418919 0.000000262891892
223000 0.000000246385650 0.000000429802691 0.000000246784753
224000 0.000000247129464 0.000000431116071 0.000000248625000
225000 0.000000253933333 0.000000436053333 0.000000254808889
226000 0.000000256185841 0.000000436238938 0.000000255694690
227000 0.000000257396476 0.000000437563877 0.000000257431718
228000 0.000000262008772 0.000000439789474 0.000000262254386
229000 0.000000252231441 0.000000433069869 0.000000252065502
230000 0.000000251291304 0.000000432013043 0.000000249904348
231000 0.000000257610390 0.000000436930736 0.000000257493506
232000 0.000000256693966 0.000000436853448 0.000000257728448
233000 0.000000263450644 0.000000439725322 0.000000262257511
234000 0.000000283017094 0.000000451418803 0.000000280769231
235000 0.000000264608511 0.000000440931915 0.000000265510638
236000 0.000000268127119 0.000000444165254 0.000000268872881
237000 0.000000264075949 0.000000442075949 0.000000264616034
238000 0.000000261592437 0.000000439340336 0.000000262710084
239000 0.000000270464435 0.000000446368201 0.000000271200837
240000 0.000000274991667 0.000000447008333 0.000000273204167
241000 0.000000261431535 0.000000439912863 0.000000261497925
242000 0.000000262549587 0.000000440326446 0.000000263417355
243000 0.000000259794239 0.000000437971193 0.000000259119342
244000 0.000000279237705 0.000000450024590 0.000000281282787
245000 0.000000271812245 0.000000446489796 0.000000274481633
246000 0.000000288085366 0.000000456735772 0.000000289211382
247000 0.000000274947368 0.000000447109312 0.000000274716599
248000 0.000000269600806 0.000000443548387 0.000000268661290
249000 0.000000283995984 0.000000452220884 0.000000282277108
250000 0.000000292756000 0.000000458244000 0.000000293380000
251000 0.000000293290837 0.000000457637450 0.000000291880478
252000 0.000000291309524 0.000000455714286 0.000000291527778
253000 0.000000284181818 0.000000452569170 0.000000285845850
254000 0.000000280759843 0.000000449401575 0.000000280188976
255000 0.000000304533333 0.000000473984314 0.000000305725490
256000 0.000000329597656 0.000000495660156 0.000000329605469
257000 0.000000280739300 0.000000449544747 0.000000279077821
258000 0.000000275069767 0.000000447701550 0.000000275344961
259000 0.000000276482625 0.000000446853282 0.000000276374517
260000 0.000000287573077 0.000000452938462 0.000000285442308
261000 0.000000260379310 0.000000436996169 0.000000260187739
262000 0.000000288213740 0.000000454316794 0.000000289141221
263000 0.000000276961977 0.000000447315589 0.000000275171103
264000 0.000000289265152 0.000000458325758 0.000000288397727
265000 0.000000265494340 0.000000439675472 0.000000263841509
266000 0.000000399379699 0.000000544315789 0.000000397067669
267000 0.000000274584270 0.000000445842697 0.000000272902622
268000 0.000000278164179 0.000000447444030 0.000000276563433
269000 0.000000286159851 0.000000454371747 0.000000285684015
270000 0.000000275733333 0.000000446303704 0.000000275148148
271000 0.000000276756458 0.000000447970480 0.000000273926199
272000 0.000000287058824 0.000000453143382 0.000000287863971
273000 0.000000277739927 0.000000448600733 0.000000277827839
274000 0.000000272521898 0.000000443751825 0.000000270419708
275000 0.000000275723636 0.000000446174545 0.000000273949091
276000 0.000000281586957 0.000000448485507 0.000000281597826
277000 0.000000284559567 0.000000450913357 0.000000283433213
278000 0.000000277611511 0.000000447223022 0.000000278079137
279000 0.000000271175627 0.000000442738351 0.000000269394265
280000 0.000000273428571 0.000000445017857 0.000000273925000
281000 0.000000291106762 0.000000454683274 0.000000287434164
282000 0.000000272659574 0.000000444414894 0.000000272904255
283000 0.000000276367491 0.000000447247350 0.000000277045936
284000 0.000000286246479 0.000000453774648 0.000000288077465
285000 0.000000278978947 0.000000447733333 0.000000276084211
286000 0.000000288545455 0.000000453160839 0.000000283122378
287000 0.000000283020906 0.000000451717770 0.000000282724739
288000 0.000000294350694 0.000000456128472 0.000000290958333
289000 0.000000268148789 0.000000441515571 0.000000267515571
290000 0.000000265479310 0.000000439313793 0.000000264158621
291000 0.000000274536082 0.000000445859107 0.000000273556701
292000 0.000000276243151 0.000000447027397 0.000000275349315
293000 0.000000269085324 0.000000442071672 0.000000268457338
294000 0.000000272918367 0.000000445306122 0.000000272741497
295000 0.000000285718644 0.000000452562712 0.000000283149153
296000 0.000000300067568 0.000000464337838 0.000000298486486
297000 0.000000293037037 0.000000459228956 0.000000292387205
298000 0.000000281080537 0.000000450956376 0.000000279134228
299000 0.000000277916388 0.000000449371237 0.000000277946488
300000 0.000000302390000 0.000000464866667 0.000000302336667
301000 0.000000304099668 0.000000464039867 0.000000302774086
302000 0.000000290804636 0.000000456195364 0.000000289324503
303000 0.000000304389439 0.000000464353135 0.000000304125413
304000 0.000000312144737 0.000000472703947 0.000000312444079
305000 0.000000294852459 0.000000457718033 0.000000292862295
306000 0.000000286343137 0.000000455098039 0.000000284970588
307000 0.000000306146580 0.000000465859935 0.000000304462541
308000 0.000000309220779 0.000000467805195 0.000000307613636
309000 0.000000310417476 0.000000465802589 0.000000307071197
310000 0.000000313954839 0.000000469925806 0.000000310006452
311000 0.000000308842444 0.000000467125402 0.000000306530547
312000 0.000000294865385 0.000000456503205 0.000000291567308
313000 0.000000294833866 0.000000458706070 0.000000295747604
314000 0.000000283563694 0.000000452821656 0.000000284872611
315000 0.000000290184127 0.000000455742857 0.000000288168254
316000 0.000000303721519 0.000000466139241 0.000000304398734
317000 0.000000310640379 0.000000467864353 0.000000309514196
318000 0.000000295191824 0.000000458632075 0.000000293210692
319000 0.000000297476489 0.000000460724138 0.000000296514107
320000 0.000000293740625 0.000000457603125 0.000000291400000
321000 0.000000297417445 0.000000460342679 0.000000296753894
322000 0.000000285369565 0.000000454913043 0.000000286034161
323000 0.000000312408669 0.000000469151703 0.000000311154799
324000 0.000000308160494 0.000000466654321 0.000000306024691
325000 0.000000324427692 0.000000474683077 0.000000321606154
326000 0.000000318319018 0.000000474944785 0.000000320079755
327000 0.000000316547401 0.000000469954128 0.000000315501529
328000 0.000000303231707 0.000000462454268 0.000000300125000
329000 0.000000298039514 0.000000459817629 0.000000296553191
330000 0.000000294703030 0.000000458915152 0.000000296042424
331000 0.000000290048338 0.000000455416918 0.000000291205438
332000 0.000000293475904 0.000000459355422 0.000000293328313
333000 0.000000288270270 0.000000455405405 0.000000288780781
334000 0.000000290634731 0.000000457116766 0.000000291491018
335000 0.000000305110448 0.000000465002985 0.000000304507463
336000 0.000000296833333 0.000000460654762 0.000000295511905
337000 0.000000301261128 0.000000462335312 0.000000300637982
338000 0.000000297718935 0.000000458822485 0.000000296511834
339000 0.000000297141593 0.000000460221239 0.000000295575221
340000 0.000000293323529 0.000000458561765 0.000000295764706
341000 0.000000288668622 0.000000456208211 0.000000292577713
342000 0.000000299845029 0.000000462558480 0.000000300982456
343000 0.000000301137026 0.000000461306122 0.000000299804665
344000 0.000000296584302 0.000000459575581 0.000000296116279
345000 0.000000298011594 0.000000461440580 0.000000297313043
346000 0.000000300936416 0.000000461765896 0.000000300208092
347000 0.000000294755043 0.000000458492795 0.000000293815562
348000 0.000000292353448 0.000000457692529 0.000000289284483
349000 0.000000298166189 0.000000461332378 0.000000296848138
350000 0.000000301914286 0.000000462874286 0.000000302808571
351000 0.000000337780627 0.000000489008547 0.000000337148148
352000 0.000000310340909 0.000000466821023 0.000000309082386
353000 0.000000318586402 0.000000472286119 0.000000320572238
354000 0.000000303728814 0.000000463906780 0.000000301415254
355000 0.000000307380282 0.000000465000000 0.000000306242254
356000 0.000000290474719 0.000000455949438 0.000000290221910
357000 0.000000295257703 0.000000458072829 0.000000292826331
358000 0.000000329653631 0.000000483108939 0.000000326706704
359000 0.000000297523677 0.000000460896936 0.000000296300836
360000 0.000000298491667 0.000000460405556 0.000000298022222
361000 0.000000287919668 0.000000453260388 0.000000289005540
362000 0.000000281453039 0.000000449825967 0.000000281803867
363000 0.000000281344353 0.000000448424242 0.000000280011019
364000 0.000000288277473 0.000000453964286 0.000000287662088
365000 0.000000294682192 0.000000457838356 0.000000293032877
366000 0.000000304527322 0.000000464576503 0.000000301374317
367000 0.000000291817439 0.000000456117166 0.000000289346049
368000 0.000000294448370 0.000000456899457 0.000000292024457
369000 0.000000296604336 0.000000459306233 0.000000295620596
370000 0.000000303229730 0.000000462583784 0.000000302010811
371000 0.000000296989218 0.000000459768194 0.000000297733154
372000 0.000000294983871 0.000000460190860 0.000000296521505
373000 0.000000292997319 0.000000456305630 0.000000290289544
374000 0.000000293213904 0.000000456655080 0.000000294008021
375000 0.000000296448000 0.000000457842667 0.000000296941333
376000 0.000000300396277 0.000000460954787 0.000000300832447
377000 0.000000283832891 0.000000452490716 0.000000285442971
378000 0.000000292428571 0.000000456933862 0.000000292357143
379000 0.000000307691293 0.000000465195251 0.000000305643799
380000 0.000000315694737 0.000000472102632 0.000000315692105
381000 0.000000315758530 0.000000472464567 0.000000314070866
382000 0.000000304253927 0.000000464481675 0.000000302196335
383000 0.000000304065274 0.000000463655352 0.000000304642298
384000 0.000000306854167 0.000000465656250 0.000000307812500
385000 0.000000319387013 0.000000474722078 0.000000320690909
386000 0.000000304841969 0.000000464282383 0.000000305025907
387000 0.000000317550388 0.000000470364341 0.000000316377261
388000 0.000000303141753 0.000000462345361 0.000000303363402
389000 0.000000310683805 0.000000469601542 0.000000311956298
390000 0.000000286410256 0.000000453607692 0.000000286417949
391000 0.000000291112532 0.000000455038363 0.000000291705882
392000 0.000000313099490 0.000000469482143 0.000000312772959
393000 0.000000316083969 0.000000471170483 0.000000315368957
394000 0.000000314459391 0.000000471774112 0.000000312454315
395000 0.000000315073418 0.000000470098734 0.000000314134177
396000 0.000000294419192 0.000000458888889 0.000000295191919
397000 0.000000321806045 0.000000471942065 0.000000317526448
398000 0.000000304231156 0.000000464258794 0.000000303236181
399000 0.000000301897243 0.000000462904762 0.000000301879699
400000 0.000000294110000 0.000000456275000 0.000000293380000
401000 0.000000314703242 0.000000469224439 0.000000311703242
402000 0.000000289054726 0.000000453587065 0.000000287169154
403000 0.000000297210918 0.000000459000000 0.000000296017370
404000 0.000000283547030 0.000000450693069 0.000000282537129
405000 0.000000285111111 0.000000451619753 0.000000284740741
406000 0.000000277561576 0.000000447150246 0.000000278810345
407000 0.000000290970516 0.000000453850123 0.000000289643735
408000 0.000000282789216 0.000000449558824 0.000000282198529
409000 0.000000288046455 0.000000453249389 0.000000286217604
410000 0.000000285475610 0.000000452656098 0.000000286590244
411000 0.000000290265207 0.000000455795620 0.000000291712895
412000 0.000000283492718 0.000000451871359 0.000000284031553
413000 0.000000282845036 0.000000451847458 0.000000284004843
414000 0.000000293879227 0.000000456799517 0.000000293328502
415000 0.000000319120482 0.000000472648193 0.000000319457831
416000 0.000000313675481 0.000000469997596 0.000000313235577
417000 0.000000309021583 0.000000467400480 0.000000307462830
418000 0.000000317373206 0.000000472002392 0.000000318062201
419000 0.000000304988067 0.000000464167064 0.000000303897375
420000 0.000000297019048 0.000000458216667 0.000000296573810
421000 0.000000308840855 0.000000465130641 0.000000307465558
422000 0.000000314521327 0.000000468585308 0.000000314021327
423000 0.000000311215130 0.000000467860520 0.000000312501182
424000 0.000000292537736 0.000000456410377 0.000000291459906
425000 0.000000287435294 0.000000453371765 0.000000286557647
426000 0.000000301603286 0.000000462615023 0.000000300579812
427000 0.000000295962529 0.000000458637002 0.000000296323185
428000 0.000000293605140 0.000000456686916 0.000000294037383
429000 0.000000290818182 0.000000454561772 0.000000291270396
430000 0.000000299260465 0.000000461002326 0.000000301437209
431000 0.000000298213457 0.000000460136891 0.000000298399072
432000 0.000000293261574 0.000000457192130 0.000000294333333
433000 0.000000290316397 0.000000454972286 0.000000290351039
434000 0.000000294824885 0.000000458391705 0.000000295421659
435000 0.000000290666667 0.000000456310345 0.000000292043678
436000 0.000000295516055 0.000000458628440 0.000000294016055
437000 0.000000294631579 0.000000459114416 0.000000295638444
438000 0.000000289207763 0.000000453527397 0.000000287568493
439000 0.000000295259681 0.000000458302961 0.000000293731207
440000 0.000000322965909 0.000000474115909 0.000000324411364
441000 0.000000338147392 0.000000485365079 0.000000338199546
442000 0.000000286850679 0.000000453169683 0.000000286800905
443000 0.000000291415350 0.000000457162528 0.000000290237020
444000 0.000000291180180 0.000000456887387 0.000000291772523
445000 0.000000295098876 0.000000458298876 0.000000294013483
446000 0.000000296307175 0.000000459452915 0.000000297213004
447000 0.000000311217002 0.000000470787472 0.000000312796421
448000 0.000000355091518 0.000000494133929 0.000000354435268
449000 0.000000303986637 0.000000465162584 0.000000302870824
450000 0.000000312984444 0.000000468442222 0.000000310788889
451000 0.000000325878049 0.000000476935698 0.000000324824834
452000 0.000000327415929 0.000000476201327 0.000000324900442
453000 0.000000319777042 0.000000474059603 0.000000319604857
454000 0.000000306473568 0.000000464852423 0.000000304790749
455000 0.000000362021978 0.000000503204396 0.000000361720879
456000 0.000000314793860 0.000000468811404 0.000000311765351
457000 0.000000329094092 0.000000478903720 0.000000328575492
458000 0.000000311687773 0.000000469814410 0.000000311377729
459000 0.000000320494553 0.000000472984749 0.000000320078431
460000 0.000000322336957 0.000000474506522 0.000000320828261
461000 0.000000312750542 0.000000468477223 0.000000312459870
462000 0.000000305196970 0.000000464246753 0.000000304019481
463000 0.000000301792657 0.000000462809935 0.000000300902808
464000 0.000000300258621 0.000000461849138 0.000000301717672
465000 0.000000290752688 0.000000455634409 0.000000291703226
466000 0.000000301598712 0.000000462993562 0.000000300025751
467000 0.000000306199143 0.000000465370450 0.000000305832976
468000 0.000000317064103 0.000000473897436 0.000000317346154
469000 0.000000312021322 0.000000469878465 0.000000312098081
470000 0.000000325108511 0.000000477425532 0.000000323868085
471000 0.000000334014862 0.000000483123142 0.000000332961783
472000 0.000000322845339 0.000000475976695 0.000000323084746
473000 0.000000326200846 0.000000478378436 0.000000324974630
474000 0.000000306116034 0.000000464434599 0.000000305194093
475000 0.000000298835789 0.000000460341053 0.000000298454737
476000 0.000000306936975 0.000000464821429 0.000000305222689
477000 0.000000303396226 0.000000463670860 0.000000303331237
478000 0.000000301177824 0.000000462456067 0.000000301244770
479000 0.000000292705637 0.000000457540710 0.000000293498956
480000 0.000000311210417 0.000000468727083 0.000000310372917
481000 0.000000307713098 0.000000466490644 0.000000307667360
482000 0.000000311659751 0.000000468927386 0.000000312045643
483000 0.000000317364389 0.000000470960663 0.000000314697723
484000 0.000000313785124 0.000000469582645 0.000000311419421
485000 0.000000305795876 0.000000464344330 0.000000305321649
486000 0.000000327353909 0.000000477074074 0.000000326006173
487000 0.000000317599589 0.000000471572895 0.000000316540041
488000 0.000000335493852 0.000000482956967 0.000000336182377
489000 0.000000313638037 0.000000471347648 0.000000313486708
490000 0.000000315257143 0.000000470563265 0.000000314051020
491000 0.000000304596741 0.000000463879837 0.000000302989817
492000 0.000000322762195 0.000000477111789 0.000000321674797
493000 0.000000350872211 0.000000491488844 0.000000348610548
494000 0.000000336514170 0.000000483653846 0.000000335155870
495000 0.000000332070707 0.000000481113131 0.000000331335354
496000 0.000000337010081 0.000000483254032 0.000000337502016
497000 0.000000340193159 0.000000487060362 0.000000338068410
498000 0.000000335686747 0.000000483993976 0.000000334767068
499000 0.000000281637275 0.000000451022044 0.000000281537074
