1000 0.009706 0.003055 0.001412
2000 0.010111 0.005272 0.003536
3000 0.009810 0.006334 0.005352
4000 0.009764 0.007424 0.006115
5000 0.010328 0.008365 0.006624
6000 0.010243 0.008774 0.007331
7000 0.010143 0.009090 0.007167
8000 0.010310 0.009415 0.007747
9000 0.010061 0.009358 0.007916
10000 0.009763 0.009222 0.008217
11000 0.009880 0.009403 0.008301
12000 0.010241 0.009862 0.008601
13000 0.009995 0.009675 0.008637
14000 0.010095 0.009830 0.008669
15000 0.010215 0.009966 0.008670
16000 0.010107 0.009855 0.008909
17000 0.009830 0.009640 0.008828
18000 0.010084 0.009918 0.009158
19000 0.010099 0.009958 0.008911
20000 0.009808 0.009685 0.008913
21000 0.009978 0.009876 0.009299
22000 0.009944 0.009861 0.008933
23000 0.009895 0.009822 0.009025
24000 0.010077 0.010010 0.009409
25000 0.009937 0.009870 0.009384
26000 0.009944 0.009875 0.009127
27000 0.009955 0.009904 0.009142
28000 0.010066 0.010000 0.009303
29000 0.010060 0.010015 0.009391
30000 0.009954 0.009901 0.009225
31000 0.010241 0.010207 0.009312
32000 0.010278 0.010236 0.009244
33000 0.009967 0.009929 0.009513
34000 0.010052 0.010018 0.009174
35000 0.009997 0.009968 0.009534
36000 0.010067 0.010039 0.009702
37000 0.010125 0.010103 0.009426
38000 0.010012 0.009988 0.009710
39000 0.010102 0.010081 0.009630
40000 0.009957 0.009933 0.009610
41000 0.009972 0.009957 0.009764
42000 0.010116 0.010095 0.009684
43000 0.010082 0.010067 0.009607
44000 0.010061 0.010043 0.009645
45000 0.010108 0.010092 0.009718
46000 0.010229 0.010215 0.009591
47000 0.009942 0.009935 0.009532
48000 0.010120 0.010107 0.009854
49000 0.010234 0.010225 0.009722
50000 0.010043 0.010033 0.009684
51000 0.010141 0.010126 0.009536
52000 0.009980 0.009978 0.009638
53000 0.010113 0.010105 0.009593
54000 0.009951 0.009939 0.009603
55000 0.010107 0.010099 0.009768
56000 0.010118 0.010111 0.009697
57000 0.010143 0.010135 0.009650
58000 0.010255 0.010245 0.009863
59000 0.010020 0.010010 0.009489
60000 0.010088 0.010083 0.009720
61000 0.010129 0.010124 0.009694
62000 0.009946 0.009942 0.009613
63000 0.010323 0.010312 0.009854
64000 0.010018 0.010007 0.009868
65000 0.009971 0.009965 0.009676
66000 0.010007 0.010003 0.009757
67000 0.009849 0.009842 0.009795
68000 0.010151 0.010149 0.009865
69000 0.010277 0.010272 0.009613
70000 0.010024 0.010017 0.009591
71000 0.010139 0.010126 0.009826
72000 0.010245 0.010235 0.009685
73000 0.010104 0.010099 0.009727
74000 0.009800 0.009792 0.009685
75000 0.010071 0.010066 0.009649
76000 0.010130 0.010121 0.009679
77000 0.009967 0.009964 0.009735
78000 0.009992 0.009989 0.009861
79000 0.010182 0.010178 0.009884
80000 0.010027 0.010022 0.009698
81000 0.009975 0.009970 0.009727
82000 0.009881 0.009878 0.009808
83000 0.009952 0.009952 0.009925
84000 0.010167 0.010165 0.009783
85000 0.010043 0.010037 0.009814
86000 0.010022 0.010019 0.009844
87000 0.010139 0.010135 0.009786
88000 0.010172 0.010171 0.009916
89000 0.009902 0.009899 0.009881
90000 0.009975 0.009974 0.009745
91000 0.009975 0.009972 0.009750
92000 0.010191 0.010189 0.010018
93000 0.009974 0.009974 0.009848
94000 0.010220 0.010217 0.009909
95000 0.010033 0.010027 0.009738
96000 0.009969 0.009968 0.009875
97000 0.009949 0.009947 0.009772
98000 0.009998 0.009997 0.009738
99000 0.010205 0.010201 0.010011
100000 0.010096 0.010094 0.009967
101000 0.010208 0.010207 0.009962
102000 0.010203 0.010203 0.009905
103000 0.009926 0.009923 0.009990
104000 0.010169 0.010166 0.009978
105000 0.010096 0.010092 0.009823
106000 0.010176 0.010174 0.009940
107000 0.010174 0.010174 0.009927
108000 0.010072 0.010070 0.009846
109000 0.010233 0.010231 0.009765
110000 0.009979 0.009979 0.010113
111000 0.010039 0.010036 0.009827
112000 0.010070 0.010070 0.010025
113000 0.010046 0.010044 0.009915
114000 0.010041 0.010037 0.009719
115000 0.010197 0.010197 0.009869
116000 0.009916 0.009913 0.010129
117000 0.010016 0.010014 0.009857
118000 0.010227 0.010222 0.009774
119000 0.010083 0.010083 0.009955
120000 0.009907 0.009905 0.009956
121000 0.009903 0.009902 0.009891
122000 0.009995 0.009993 0.010148
123000 0.010094 0.010089 0.009824
124000 0.010137 0.010135 0.009688
125000 0.009895 0.009894 0.009875
126000 0.010314 0.010312 0.009733
127000 0.010076 0.010074 0.009898
128000 0.009812 0.009810 0.009861
129000 0.010245 0.010245 0.009842
130000 0.010063 0.010061 0.009718
131000 0.009930 0.009928 0.009730
132000 0.010058 0.010058 0.010040
133000 0.010296 0.010295 0.010112
134000 0.009911 0.009910 0.009955
135000 0.010117 0.010114 0.009793
136000 0.009984 0.009981 0.009951
137000 0.009958 0.009957 0.009933
138000 0.010101 0.010101 0.009972
139000 0.010000 0.009999 0.009754
140000 0.009991 0.009991 0.009834
141000 0.009944 0.009939 0.009895
142000 0.010168 0.010167 0.009816
143000 0.009956 0.009954 0.010110
144000 0.010207 0.010201 0.010037
145000 0.010094 0.010094 0.009970
146000 0.010012 0.010012 0.009856
147000 0.010083 0.010081 0.009944
148000 0.010077 0.010077 0.010025
149000 0.010028 0.010027 0.010005
150000 0.010058 0.010056 0.009852
151000 0.009999 0.009995 0.010118
152000 0.009955 0.009953 0.010019
153000 0.010198 0.010197 0.009962
154000 0.010209 0.010208 0.009712
155000 0.009993 0.009989 0.009979
156000 0.009859 0.009855 0.009742
157000 0.010107 0.010104 0.009949
158000 0.009848 0.009848 0.010042
159000 0.010196 0.010195 0.010025
160000 0.010164 0.010164 0.009913
161000 0.010132 0.010132 0.010015
162000 0.010007 0.010006 0.009940
163000 0.010108 0.010106 0.010036
164000 0.010073 0.010071 0.010000
165000 0.010063 0.010063 0.009951
166000 0.010193 0.010191 0.009743
167000 0.009898 0.009898 0.009884
168000 0.009958 0.009957 0.009772
169000 0.010087 0.010087 0.009774
170000 0.009970 0.009966 0.009949
171000 0.009824 0.009824 0.009829
172000 0.010175 0.010175 0.009804
173000 0.009917 0.009913 0.010051
174000 0.010117 0.010116 0.010093
175000 0.009993 0.009990 0.009895
176000 0.010100 0.010098 0.009833
177000 0.010124 0.010123 0.009905
178000 0.009965 0.009964 0.009928
179000 0.009990 0.009989 0.009694
180000 0.010104 0.010104 0.009712
181000 0.009789 0.009786 0.010004
182000 0.009966 0.009965 0.009836
183000 0.010140 0.010138 0.009934
184000 0.010176 0.010176 0.009846
185000 0.010113 0.010113 0.010049
186000 0.009910 0.009909 0.009928
187000 0.009878 0.009875 0.009760
188000 0.010059 0.010059 0.009926
189000 0.009998 0.009995 0.010021
190000 0.010030 0.010028 0.010149
191000 0.010141 0.010141 0.010106
192000 0.010225 0.010224 0.009688
193000 0.010124 0.010124 0.009713
194000 0.010227 0.010226 0.010112
195000 0.010271 0.010271 0.009827
196000 0.010153 0.010153 0.009833
197000 0.009897 0.009897 0.010042
198000 0.010168 0.010167 0.009936
199000 0.009971 0.009970 0.009831
200000 0.009979 0.009978 0.009965
201000 0.010035 0.010035 0.009855
202000 0.010074 0.010071 0.009970
203000 0.010075 0.010074 0.009952
204000 0.009928 0.009928 0.009943
205000 0.010096 0.010094 0.009908
206000 0.010099 0.010097 0.009916
207000 0.010213 0.010212 0.010175
208000 0.009915 0.009915 0.010030
209000 0.010092 0.010091 0.010109
210000 0.010119 0.010118 0.009952
211000 0.009801 0.009800 0.009959
212000 0.010090 0.010090 0.009845
213000 0.009765 0.009762 0.009803
214000 0.010104 0.010103 0.009721
215000 0.010106 0.010106 0.009892
216000 0.010185 0.010184 0.010148
217000 0.009925 0.009923 0.009816
218000 0.009971 0.009969 0.009852
219000 0.009946 0.009946 0.009798
220000 0.010094 0.010094 0.009959
221000 0.010415 0.010413 0.009960
222000 0.010024 0.010024 0.010014
223000 0.010261 0.010260 0.009808
224000 0.010125 0.010124 0.009966
225000 0.010071 0.010071 0.010022
226000 0.010026 0.010026 0.010145
227000 0.010045 0.010044 0.010027
228000 0.010040 0.010038 0.009938
229000 0.009879 0.009879 0.010162
230000 0.010088 0.010087 0.010164
231000 0.010263 0.010263 0.010044
232000 0.010100 0.010100 0.010047
233000 0.010020 0.010017 0.010020
234000 0.010171 0.010170 0.009935
235000 0.009910 0.009908 0.010137
236000 0.009941 0.009940 0.010169
237000 0.010102 0.010100 0.009874
238000 0.009991 0.009991 0.010068
239000 0.010033 0.010033 0.009947
240000 0.009933 0.009932 0.010012
241000 0.010005 0.010003 0.009848
242000 0.009927 0.009927 0.009661
243000 0.009989 0.009989 0.009915
244000 0.010122 0.010122 0.009762
245000 0.010192 0.010191 0.009996
246000 0.009897 0.009897 0.009983
247000 0.010060 0.010058 0.009899
248000 0.010036 0.010036 0.010134
249000 0.009877 0.009877 0.009965
250000 0.009964 0.009964 0.009689
251000 0.009995 0.009993 0.010139
252000 0.010118 0.010118 0.009794
253000 0.009985 0.009985 0.010019
254000 0.009972 0.009969 0.009930
255000 0.009957 0.009957 0.010070
256000 0.010140 0.010140 0.009995
257000 0.009983 0.009983 0.009882
258000 0.009964 0.009964 0.009974
259000 0.010124 0.010124 0.010054
260000 0.010057 0.010055 0.010057
261000 0.009943 0.009943 0.009842
262000 0.010027 0.010027 0.009974
263000 0.010028 0.010027 0.009939
264000 0.010133 0.010133 0.010042
265000 0.010118 0.010117 0.010061
266000 0.009936 0.009935 0.009920
267000 0.009924 0.009922 0.010056
268000 0.010179 0.010176 0.010036
269000 0.009989 0.009989 0.009874
270000 0.009988 0.009988 0.009841
271000 0.010096 0.010095 0.009997
272000 0.009860 0.009860 0.010045
273000 0.009856 0.009856 0.010036
274000 0.009933 0.009933 0.009853
275000 0.009954 0.009954 0.010072
276000 0.010012 0.010012 0.009852
277000 0.010289 0.010288 0.009808
278000 0.010100 0.010100 0.009868
279000 0.010176 0.010173 0.009940
280000 0.010107 0.010107 0.010036
281000 0.010132 0.010131 0.009908
282000 0.010223 0.010223 0.010113
283000 0.010180 0.010180 0.010015
284000 0.010117 0.010115 0.010028
285000 0.009936 0.009936 0.009877
286000 0.010066 0.010066 0.009821
287000 0.010295 0.010295 0.010048
288000 0.010038 0.010038 0.010115
289000 0.010024 0.010024 0.009970
290000 0.009944 0.009942 0.010189
291000 0.010231 0.010228 0.009722
292000 0.010126 0.010124 0.009811
293000 0.010156 0.010154 0.010260
294000 0.009973 0.009972 0.010166
295000 0.009983 0.009982 0.009889
296000 0.010163 0.010163 0.010197
297000 0.009991 0.009991 0.009974
298000 0.010014 0.010013 0.010098
299000 0.010138 0.010138 0.009887
300000 0.010133 0.010133 0.009900
301000 0.010059 0.010057 0.009953
302000 0.009847 0.009847 0.009987
303000 0.010141 0.010139 0.009811
304000 0.009901 0.009901 0.009907
305000 0.010266 0.010260 0.010131
306000 0.009921 0.009921 0.010055
307000 0.010195 0.010195 0.009889
308000 0.010233 0.010231 0.009984
309000 0.009999 0.009999 0.010059
310000 0.009951 0.009948 0.009970
311000 0.010009 0.010009 0.010264
312000 0.010068 0.010068 0.009914
313000 0.010144 0.010143 0.010109
314000 0.010106 0.010103 0.010101
315000 0.009747 0.009747 0.010044
316000 0.010148 0.010148 0.010099
317000 0.009849 0.009848 0.009939
318000 0.010164 0.010164 0.009974
319000 0.009927 0.009927 0.010101
320000 0.010231 0.010231 0.009804
321000 0.010103 0.010103 0.010029
322000 0.009922 0.009920 0.010012
323000 0.010090 0.010090 0.009956
324000 0.010010 0.010007 0.010109
325000 0.010119 0.010119 0.010083
326000 0.010099 0.010098 0.009721
327000 0.010036 0.010033 0.009982
328000 0.010037 0.010036 0.010046
329000 0.009903 0.009903 0.009999
330000 0.010088 0.010088 0.010091
331000 0.010108 0.010105 0.009895
332000 0.010033 0.010030 0.010003
333000 0.009823 0.009822 0.010142
334000 0.010098 0.010096 0.010207
335000 0.010062 0.010062 0.009838
336000 0.009965 0.009965 0.010224
337000 0.010084 0.010083 0.010103
338000 0.009962 0.009962 0.010130
339000 0.010115 0.010112 0.009997
340000 0.010103 0.010103 0.010003
341000 0.010041 0.010041 0.009857
342000 0.010211 0.010208 0.009889
343000 0.009901 0.009900 0.010201
344000 0.009854 0.009854 0.010155
345000 0.009870 0.009870 0.010121
346000 0.009893 0.009891 0.010199
347000 0.010005 0.010002 0.010112
348000 0.010137 0.010137 0.009805
349000 0.010198 0.010198 0.010051
350000 0.010126 0.010125 0.010003
351000 0.010088 0.010088 0.010076
352000 0.010215 0.010215 0.010106
353000 0.009957 0.009957 0.010139
354000 0.010124 0.010124 0.010012
355000 0.009972 0.009971 0.010031
356000 0.009874 0.009874 0.009947
357000 0.009788 0.009784 0.010045
358000 0.010056 0.010055 0.010009
359000 0.010095 0.010095 0.009861
360000 0.010006 0.010005 0.010116
361000 0.010155 0.010155 0.010094
362000 0.009973 0.009972 0.009898
363000 0.010204 0.010204 0.010008
364000 0.009882 0.009882 0.009983
365000 0.009883 0.009883 0.009876
366000 0.010063 0.010063 0.009831
367000 0.009806 0.009806 0.009983
368000 0.009940 0.009940 0.010112
369000 0.010055 0.010055 0.009983
370000 0.010032 0.010030 0.009903
371000 0.010267 0.010267 0.009868
372000 0.009844 0.009844 0.009901
373000 0.010203 0.010203 0.009614
374000 0.010153 0.010153 0.009891
375000 0.010011 0.010011 0.010011
376000 0.010024 0.010024 0.009979
377000 0.010302 0.010302 0.009950
378000 0.010125 0.010125 0.009977
379000 0.010069 0.010069 0.010003
380000 0.010081 0.010081 0.010045
381000 0.010162 0.010162 0.009900
382000 0.010092 0.010092 0.010023
383000 0.009964 0.009963 0.009877
384000 0.010213 0.010213 0.009831
385000 0.010028 0.010028 0.009917
386000 0.010119 0.010119 0.009910
387000 0.009998 0.009998 0.009933
388000 0.009980 0.009979 0.009892
389000 0.009962 0.009961 0.009995
390000 0.009951 0.009951 0.009977
391000 0.010264 0.010264 0.009897
392000 0.010005 0.010003 0.009786
393000 0.010181 0.010180 0.009937
394000 0.009937 0.009937 0.010005
395000 0.010109 0.010107 0.009893
396000 0.010101 0.010101 0.009767
397000 0.009998 0.009998 0.010050
398000 0.010091 0.010091 0.009779
399000 0.010140 0.010140 0.009958
400000 0.010080 0.010078 0.009897
401000 0.010015 0.010015 0.010185
402000 0.010249 0.010249 0.010164
403000 0.010090 0.010090 0.010035
404000 0.010128 0.010128 0.009852
405000 0.010003 0.010003 0.009992
406000 0.009882 0.009882 0.010042
407000 0.010111 0.010111 0.009987
408000 0.010123 0.010123 0.009934
409000 0.009953 0.009953 0.009961
410000 0.010078 0.010078 0.010003
411000 0.010241 0.010238 0.010092
412000 0.010257 0.010257 0.009898
413000 0.010026 0.010026 0.009974
414000 0.010148 0.010148 0.009935
415000 0.010121 0.010120 0.010074
416000 0.010075 0.010075 0.009981
417000 0.009966 0.009966 0.010280
418000 0.010309 0.010309 0.010014
419000 0.010017 0.010017 0.010108
420000 0.010141 0.010141 0.010141
421000 0.010121 0.010121 0.010035
422000 0.009948 0.009946 0.010116
423000 0.010061 0.010061 0.009955
424000 0.010010 0.010010 0.010205
425000 0.010078 0.010078 0.010016
426000 0.009834 0.009833 0.009700
427000 0.010288 0.010288 0.010194
428000 0.010091 0.010091 0.010103
429000 0.009867 0.009867 0.009960
430000 0.009868 0.009868 0.009951
431000 0.010274 0.010274 0.009905
432000 0.009882 0.009882 0.010009
433000 0.010056 0.010056 0.009564
434000 0.009954 0.009952 0.009783
435000 0.009726 0.009726 0.009881
436000 0.009998 0.009996 0.009917
437000 0.010400 0.010400 0.010229
438000 0.010174 0.010174 0.010005
439000 0.009916 0.009913 0.010242
440000 0.010070 0.010068 0.009577
441000 0.010304 0.010302 0.009950
442000 0.009694 0.009694 0.009858
443000 0.010189 0.010189 0.009939
444000 0.009941 0.009941 0.010162
445000 0.010045 0.010045 0.010000
446000 0.010029 0.010029 0.010103
447000 0.009966 0.009966 0.009884
448000 0.010121 0.010120 0.009880
449000 0.010230 0.010230 0.010120
450000 0.010215 0.010215 0.010225
451000 0.010027 0.010026 0.010262
452000 0.010235 0.010235 0.010004
453000 0.010016 0.010015 0.010005
454000 0.009951 0.009949 0.010143
455000 0.010035 0.010035 0.010048
456000 0.009994 0.009994 0.009895
457000 0.010092 0.010090 0.010133
458000 0.010260 0.010260 0.010181
459000 0.010216 0.010216 0.009874
460000 0.010189 0.010189 0.009798
461000 0.009853 0.009852 0.010302
462000 0.010279 0.010279 0.010084
463000 0.010022 0.010022 0.009702
464000 0.010131 0.010129 0.010112
465000 0.010234 0.010234 0.009955
466000 0.009830 0.009830 0.010208
467000 0.010182 0.010182 0.010058
468000 0.010021 0.010019 0.010056
469000 0.009974 0.009974 0.010002
470000 0.010287 0.010287 0.009989
471000 0.009900 0.009898 0.009843
472000 0.010227 0.010227 0.009987
473000 0.010194 0.010192 0.010011
474000 0.010103 0.010103 0.010089
475000 0.010261 0.010261 0.009968
476000 0.010031 0.010031 0.009838
477000 0.010136 0.010136 0.009962
478000 0.009950 0.009950 0.010013
479000 0.009908 0.009908 0.010152
480000 0.009863 0.009863 0.010244
481000 0.009900 0.009900 0.009961
482000 0.009965 0.009965 0.009790
483000 0.009928 0.009928 0.010168
484000 0.009961 0.009961 0.010095
485000 0.009905 0.009903 0.009693
486000 0.009953 0.009951 0.010076
487000 0.010271 0.010269 0.009747
488000 0.010104 0.010104 0.010150
489000 0.010235 0.010235 0.010098
490000 0.010143 0.010143 0.009843
491000 0.009974 0.009972 0.010041
492000 0.009927 0.009927 0.010037
493000 0.009931 0.009931 0.010037
494000 0.009966 0.009966 0.010119
495000 0.010208 0.010208 0.010131
496000 0.010204 0.010204 0.009966
497000 0.009907 0.009907 0.010006
498000 0.010106 0.010106 0.009932
499000 0.010024 0.010022 0.010082
