1000 0.009706 0.009479 0.008013
2000 0.010111 0.010034 0.009380
3000 0.009810 0.009769 0.010273
4000 0.009764 0.009752 0.009771
5000 0.010328 0.010291 0.009716
6000 0.010243 0.010230 0.009741
7000 0.010143 0.010133 0.009853
8000 0.010310 0.010295 0.010084
9000 0.010061 0.010053 0.009582
10000 0.009763 0.009744 0.009793
11000 0.009880 0.009869 0.009968
12000 0.010241 0.010233 0.010257
13000 0.009995 0.009989 0.010018
14000 0.010095 0.010088 0.009825
15000 0.010215 0.010205 0.009936
16000 0.010107 0.010099 0.009933
17000 0.009830 0.009824 0.010098
18000 0.010084 0.010081 0.009999
19000 0.010099 0.010093 0.009976
20000 0.009808 0.009806 0.010096
21000 0.009978 0.009978 0.009920
22000 0.009944 0.009937 0.009743
23000 0.009895 0.009895 0.010024
24000 0.010077 0.010075 0.009921
25000 0.009937 0.009936 0.010042
26000 0.009944 0.009939 0.009941
27000 0.009955 0.009952 0.009918
28000 0.010066 0.010064 0.010098
29000 0.010060 0.010059 0.009971
30000 0.009954 0.009948 0.009865
31000 0.010241 0.010240 0.009940
32000 0.010278 0.010275 0.009976
33000 0.009967 0.009967 0.010180
34000 0.010052 0.010052 0.009889
35000 0.009997 0.009996 0.010163
36000 0.010067 0.010065 0.009794
37000 0.010125 0.010123 0.010282
38000 0.010012 0.010011 0.009981
39000 0.010102 0.010100 0.010059
40000 0.009957 0.009955 0.009984
41000 0.009972 0.009972 0.010017
42000 0.010116 0.010113 0.009941
43000 0.010082 0.010079 0.009761
44000 0.010061 0.010056 0.010052
45000 0.010108 0.010107 0.010155
46000 0.010229 0.010226 0.010031
47000 0.009942 0.009941 0.009889
48000 0.010120 0.010120 0.009898
49000 0.010234 0.010232 0.010110
50000 0.010043 0.010043 0.010112
51000 0.010141 0.010140 0.009959
52000 0.009980 0.009979 0.010035
53000 0.010113 0.010111 0.009900
54000 0.009951 0.009950 0.009807
55000 0.010107 0.010107 0.010070
56000 0.010118 0.010114 0.010064
57000 0.010143 0.010143 0.010089
58000 0.010255 0.010255 0.010057
59000 0.010020 0.010019 0.010220
60000 0.010088 0.010088 0.010097
61000 0.010129 0.010129 0.010030
62000 0.009946 0.009946 0.010075
63000 0.010323 0.010323 0.010201
64000 0.010018 0.010018 0.009801
65000 0.009971 0.009970 0.009942
66000 0.010007 0.010007 0.009978
67000 0.009849 0.009849 0.009825
68000 0.010151 0.010151 0.009991
69000 0.010277 0.010275 0.009899
70000 0.010024 0.010024 0.009900
71000 0.010139 0.010139 0.010065
72000 0.010245 0.010245 0.009909
73000 0.010104 0.010104 0.009866
74000 0.009800 0.009800 0.009879
75000 0.010071 0.010070 0.010171
76000 0.010130 0.010129 0.009981
77000 0.009967 0.009967 0.010189
78000 0.009992 0.009992 0.010316
79000 0.010182 0.010182 0.010175
80000 0.010027 0.010027 0.010092
81000 0.009975 0.009975 0.009906
82000 0.009881 0.009881 0.010014
83000 0.009952 0.009952 0.009979
84000 0.010167 0.010166 0.010091
85000 0.010043 0.010043 0.010021
86000 0.010022 0.010022 0.010062
87000 0.010139 0.010139 0.009923
88000 0.010172 0.010172 0.010065
89000 0.009902 0.009902 0.010052
90000 0.009975 0.009975 0.009843
91000 0.009975 0.009975 0.010059
92000 0.010191 0.010191 0.010120
93000 0.009974 0.009974 0.009926
94000 0.010220 0.010220 0.009757
95000 0.010033 0.010033 0.010272
96000 0.009969 0.009969 0.010244
97000 0.009949 0.009949 0.010100
98000 0.009998 0.009998 0.010116
99000 0.010205 0.010205 0.009942
100000 0.010096 0.010096 0.009929
101000 0.010208 0.010208 0.010029
102000 0.010203 0.010203 0.009987
103000 0.009926 0.009926 0.010136
104000 0.010169 0.010169 0.010032
105000 0.010096 0.010096 0.010294
106000 0.010176 0.010176 0.009973
107000 0.010174 0.010174 0.010115
108000 0.010072 0.010072 0.009969
109000 0.010233 0.010233 0.009984
110000 0.009979 0.009979 0.009912
111000 0.010039 0.010039 0.009961
112000 0.010070 0.010070 0.009981
113000 0.010046 0.010045 0.010157
114000 0.010041 0.010041 0.010009
115000 0.010197 0.010197 0.010045
116000 0.009916 0.009916 0.010011
117000 0.010016 0.010016 0.010097
118000 0.010227 0.010227 0.009946
119000 0.010083 0.010083 0.010007
120000 0.009907 0.009907 0.010130
121000 0.009903 0.009903 0.009801
122000 0.009995 0.009995 0.009986
123000 0.010094 0.010094 0.010026
124000 0.010137 0.010137 0.010034
125000 0.009895 0.009895 0.010107
126000 0.010314 0.010314 0.009943
127000 0.010076 0.010076 0.010014
128000 0.009812 0.009812 0.009960
129000 0.010245 0.010245 0.009952
130000 0.010063 0.010063 0.010099
131000 0.009930 0.009929 0.009865
132000 0.010058 0.010058 0.010077
133000 0.010296 0.010296 0.009855
134000 0.009911 0.009911 0.009952
135000 0.010117 0.010117 0.010132
136000 0.009984 0.009984 0.010045
137000 0.009958 0.009958 0.009976
138000 0.010101 0.010101 0.010087
139000 0.010000 0.010000 0.010251
140000 0.009991 0.009991 0.010101
141000 0.009944 0.009944 0.009957
142000 0.010168 0.010167 0.010047
143000 0.009956 0.009956 0.010110
144000 0.010207 0.010207 0.010025
145000 0.010094 0.010094 0.009922
146000 0.010012 0.010012 0.010069
147000 0.010083 0.010083 0.010000
148000 0.010077 0.010077 0.010043
149000 0.010028 0.010028 0.010118
150000 0.010058 0.010058 0.010228
151000 0.009999 0.009999 0.009992
152000 0.009955 0.009955 0.009982
153000 0.010198 0.010198 0.009962
154000 0.010209 0.010209 0.010021
155000 0.009993 0.009992 0.010282
156000 0.009859 0.009859 0.010024
157000 0.010107 0.010107 0.009900
158000 0.009848 0.009848 0.010017
159000 0.010196 0.010196 0.009956
160000 0.010164 0.010164 0.010011
161000 0.010132 0.010132 0.009977
162000 0.010007 0.010007 0.009842
163000 0.010108 0.010108 0.010093
164000 0.010073 0.010073 0.010091
165000 0.010063 0.010063 0.010137
166000 0.010193 0.010193 0.010074
167000 0.009898 0.009898 0.010077
168000 0.009958 0.009958 0.010272
169000 0.010087 0.010087 0.009924
170000 0.009970 0.009970 0.010058
171000 0.009824 0.009824 0.010078
172000 0.010175 0.010175 0.010138
173000 0.009917 0.009915 0.010077
174000 0.010117 0.010117 0.009841
175000 0.009993 0.009993 0.010110
176000 0.010100 0.010100 0.010242
177000 0.010124 0.010124 0.009937
178000 0.009965 0.009965 0.009946
179000 0.009990 0.009990 0.010039
180000 0.010104 0.010104 0.009622
181000 0.009789 0.009789 0.010081
182000 0.009966 0.009966 0.010051
183000 0.010140 0.010140 0.010037
184000 0.010176 0.010176 0.010054
185000 0.010113 0.010113 0.010200
186000 0.009910 0.009910 0.010036
187000 0.009878 0.009878 0.009952
188000 0.010059 0.010059 0.010025
189000 0.009998 0.009998 0.010051
190000 0.010030 0.010030 0.010063
191000 0.010141 0.010141 0.010074
192000 0.010225 0.010225 0.010089
193000 0.010124 0.010124 0.009936
194000 0.010227 0.010227 0.010158
195000 0.010271 0.010271 0.009978
196000 0.010153 0.010153 0.009955
197000 0.009897 0.009897 0.010136
198000 0.010168 0.010168 0.009945
199000 0.009971 0.009971 0.010075
200000 0.009979 0.009979 0.009981
201000 0.010035 0.010035 0.010003
202000 0.010074 0.010074 0.009964
203000 0.010075 0.010075 0.010029
204000 0.009928 0.009928 0.009842
205000 0.010096 0.010096 0.010097
206000 0.010099 0.010099 0.010052
207000 0.010213 0.010213 0.010016
208000 0.009915 0.009915 0.010196
209000 0.010092 0.010092 0.010210
210000 0.010119 0.010119 0.009685
211000 0.009801 0.009801 0.010120
212000 0.010090 0.010090 0.010005
213000 0.009765 0.009765 0.010064
214000 0.010104 0.010104 0.010181
215000 0.010106 0.010106 0.009952
216000 0.010185 0.010185 0.010068
217000 0.009925 0.009925 0.009959
218000 0.009971 0.009971 0.010183
219000 0.009946 0.009946 0.010050
220000 0.010094 0.010094 0.010060
221000 0.010415 0.010415 0.010058
222000 0.010024 0.010024 0.009721
223000 0.010261 0.010261 0.010430
224000 0.010125 0.010125 0.010102
225000 0.010071 0.010071 0.010046
226000 0.010026 0.010026 0.009917
227000 0.010045 0.010045 0.010301
228000 0.010040 0.010040 0.010158
229000 0.009879 0.009879 0.010070
230000 0.010088 0.010088 0.010039
231000 0.010263 0.010263 0.009788
232000 0.010100 0.010100 0.010012
233000 0.010020 0.010020 0.010010
234000 0.010171 0.010171 0.010167
235000 0.009910 0.009910 0.010272
236000 0.009941 0.009941 0.009919
237000 0.010102 0.010102 0.009992
238000 0.009991 0.009991 0.010071
239000 0.010033 0.010033 0.010024
240000 0.009933 0.009933 0.010088
241000 0.010005 0.010005 0.010121
242000 0.009927 0.009927 0.010034
243000 0.009989 0.009989 0.010082
244000 0.010122 0.010122 0.010329
245000 0.010192 0.010192 0.010248
246000 0.009897 0.009897 0.010121
247000 0.010060 0.010060 0.009865
248000 0.010036 0.010036 0.010088
249000 0.009877 0.009877 0.010037
250000 0.009964 0.009964 0.009999
251000 0.009995 0.009995 0.010052
252000 0.010118 0.010118 0.009999
253000 0.009985 0.009985 0.010120
254000 0.009972 0.009972 0.009946
255000 0.009957 0.009957 0.010042
256000 0.010140 0.010140 0.010067
257000 0.009983 0.009983 0.010081
258000 0.009964 0.009964 0.010053
259000 0.010124 0.010124 0.009816
260000 0.010057 0.010057 0.010151
261000 0.009943 0.009943 0.009931
262000 0.010027 0.010027 0.009970
263000 0.010028 0.010028 0.010122
264000 0.010133 0.010133 0.010079
265000 0.010118 0.010118 0.010121
266000 0.009936 0.009936 0.010005
267000 0.009924 0.009924 0.009951
268000 0.010179 0.010178 0.010042
269000 0.009989 0.009989 0.010019
270000 0.009988 0.009988 0.009933
271000 0.010096 0.010096 0.009783
272000 0.009860 0.009860 0.009990
273000 0.009856 0.009856 0.010153
274000 0.009933 0.009933 0.010371
275000 0.009954 0.009954 0.010276
276000 0.010012 0.010012 0.009887
277000 0.010289 0.010289 0.009957
278000 0.010100 0.010100 0.010198
279000 0.010176 0.010176 0.010139
280000 0.010107 0.010107 0.010297
281000 0.010132 0.010132 0.010039
282000 0.010223 0.010223 0.009994
283000 0.010180 0.010180 0.010180
284000 0.010117 0.010117 0.009816
285000 0.009936 0.009936 0.010073
286000 0.010066 0.010066 0.010018
287000 0.010295 0.010295 0.010087
288000 0.010038 0.010038 0.010105
289000 0.010024 0.010024 0.010145
290000 0.009944 0.009944 0.010046
291000 0.010231 0.010231 0.010047
292000 0.010126 0.010126 0.009883
293000 0.010156 0.010156 0.010024
294000 0.009973 0.009973 0.010156
295000 0.009983 0.009983 0.009878
296000 0.010163 0.010163 0.010158
297000 0.009991 0.009991 0.010122
298000 0.010014 0.010014 0.009816
299000 0.010138 0.010138 0.009872
300000 0.010133 0.010133 0.009940
301000 0.010059 0.010059 0.010150
302000 0.009847 0.009847 0.010083
303000 0.010141 0.010141 0.009994
304000 0.009901 0.009901 0.010059
305000 0.010266 0.010266 0.010001
306000 0.009921 0.009921 0.010147
307000 0.010195 0.010195 0.009949
308000 0.010233 0.010233 0.010061
309000 0.009999 0.009999 0.009818
310000 0.009951 0.009951 0.010155
311000 0.010009 0.010009 0.010073
312000 0.010068 0.010068 0.009792
313000 0.010144 0.010144 0.009809
314000 0.010106 0.010106 0.010004
315000 0.009747 0.009747 0.010032
316000 0.010148 0.010148 0.009902
317000 0.009849 0.009849 0.009993
318000 0.010164 0.010164 0.009925
319000 0.009927 0.009927 0.009912
320000 0.010231 0.010231 0.010066
321000 0.010103 0.010103 0.010237
322000 0.009922 0.009922 0.009957
323000 0.010090 0.010090 0.009970
324000 0.010010 0.010010 0.010379
325000 0.010119 0.010119 0.010053
326000 0.010099 0.010099 0.010089
327000 0.010036 0.010036 0.010189
328000 0.010037 0.010037 0.009954
329000 0.009903 0.009903 0.010034
330000 0.010088 0.010088 0.009945
331000 0.010108 0.010108 0.010326
332000 0.010033 0.010033 0.010148
333000 0.009823 0.009823 0.010003
334000 0.010098 0.010098 0.010032
335000 0.010062 0.010062 0.009880
336000 0.009965 0.009965 0.010099
337000 0.010084 0.010084 0.009985
338000 0.009962 0.009962 0.009820
339000 0.010115 0.010115 0.010160
340000 0.010103 0.010103 0.010145
341000 0.010041 0.010041 0.009866
342000 0.010211 0.010211 0.010167
343000 0.009901 0.009901 0.010155
344000 0.009854 0.009854 0.009953
345000 0.009870 0.009870 0.010255
346000 0.009893 0.009893 0.010046
347000 0.010005 0.010005 0.010113
348000 0.010137 0.010137 0.010100
349000 0.010198 0.010198 0.009866
350000 0.010126 0.010126 0.009951
351000 0.010088 0.010088 0.010029
352000 0.010215 0.010215 0.010059
353000 0.009957 0.009957 0.010073
354000 0.010124 0.010124 0.010257
355000 0.009972 0.009972 0.009972
356000 0.009874 0.009874 0.009970
357000 0.009788 0.009787 0.010134
358000 0.010056 0.010056 0.010117
359000 0.010095 0.010095 0.010122
360000 0.010006 0.010006 0.010081
361000 0.010155 0.010155 0.009879
362000 0.009973 0.009973 0.009892
363000 0.010204 0.010204 0.010168
364000 0.009882 0.009882 0.010003
365000 0.009883 0.009883 0.010113
366000 0.010063 0.010063 0.010055
367000 0.009806 0.009806 0.009930
368000 0.009940 0.009940 0.010014
369000 0.010055 0.010055 0.009994
370000 0.010032 0.010032 0.010000
371000 0.010267 0.010267 0.010107
372000 0.009844 0.009844 0.010140
373000 0.010203 0.010203 0.010016
374000 0.010153 0.010153 0.009974
375000 0.010011 0.010011 0.010291
376000 0.010024 0.010024 0.010083
377000 0.010302 0.010302 0.010059
378000 0.010125 0.010125 0.010305
379000 0.010069 0.010069 0.010216
380000 0.010081 0.010081 0.010045
381000 0.010162 0.010162 0.010074
382000 0.010092 0.010092 0.009998
383000 0.009964 0.009964 0.009869
384000 0.010213 0.010213 0.010096
385000 0.010028 0.010028 0.010041
386000 0.010119 0.010119 0.009954
387000 0.009998 0.009998 0.010103
388000 0.009980 0.009980 0.009827
389000 0.009962 0.009962 0.009867
390000 0.009951 0.009951 0.009877
391000 0.010264 0.010264 0.010044
392000 0.010005 0.010005 0.009967
393000 0.010181 0.010181 0.009839
394000 0.009937 0.009937 0.010092
395000 0.010109 0.010109 0.009964
396000 0.010101 0.010101 0.010121
397000 0.009998 0.009998 0.010085
398000 0.010091 0.010091 0.010070
399000 0.010140 0.010140 0.010133
400000 0.010080 0.010080 0.010048
401000 0.010015 0.010015 0.009935
402000 0.010249 0.010249 0.009933
403000 0.010090 0.010090 0.010119
404000 0.010128 0.010128 0.009980
405000 0.010003 0.010003 0.010069
406000 0.009882 0.009882 0.009786
407000 0.010111 0.010111 0.009875
408000 0.010123 0.010123 0.010003
409000 0.009953 0.009953 0.010255
410000 0.010078 0.010078 0.010031
411000 0.010241 0.010241 0.009927
412000 0.010257 0.010257 0.010092
413000 0.010026 0.010026 0.009908
414000 0.010148 0.010148 0.009959
415000 0.010121 0.010121 0.009817
416000 0.010075 0.010075 0.009952
417000 0.009966 0.009966 0.009911
418000 0.010309 0.010309 0.010167
419000 0.010017 0.010017 0.009888
420000 0.010141 0.010141 0.010193
421000 0.010121 0.010121 0.010287
422000 0.009948 0.009948 0.009869
423000 0.010061 0.010061 0.010066
424000 0.010010 0.010010 0.010003
425000 0.010078 0.010078 0.010017
426000 0.009834 0.009834 0.010152
427000 0.010288 0.010288 0.010379
428000 0.010091 0.010091 0.010133
429000 0.009867 0.009867 0.009863
430000 0.009868 0.009868 0.010002
431000 0.010274 0.010274 0.009947
432000 0.009882 0.009882 0.010077
433000 0.010056 0.010056 0.010011
434000 0.009954 0.009954 0.009920
435000 0.009726 0.009726 0.009965
436000 0.009998 0.009998 0.009887
437000 0.010400 0.010400 0.010187
438000 0.010174 0.010174 0.010009
439000 0.009916 0.009916 0.010050
440000 0.010070 0.010070 0.009907
441000 0.010304 0.010304 0.010213
442000 0.009694 0.009694 0.009903
443000 0.010189 0.010189 0.010178
444000 0.009941 0.009941 0.009917
445000 0.010045 0.010045 0.010279
446000 0.010029 0.010029 0.010161
447000 0.009966 0.009966 0.009893
448000 0.010121 0.010121 0.010020
449000 0.010230 0.010230 0.010287
450000 0.010215 0.010215 0.009996
451000 0.010027 0.010027 0.009900
452000 0.010235 0.010235 0.009956
453000 0.010016 0.010016 0.009888
454000 0.009951 0.009951 0.010119
455000 0.010035 0.010035 0.010316
456000 0.009994 0.009994 0.010221
457000 0.010092 0.010092 0.010252
458000 0.010260 0.010260 0.010057
459000 0.010216 0.010216 0.010065
460000 0.010189 0.010189 0.009915
461000 0.009853 0.009853 0.010017
462000 0.010279 0.010279 0.009954
463000 0.010022 0.010022 0.010341
464000 0.010131 0.010131 0.010118
465000 0.010234 0.010234 0.010307
466000 0.009830 0.009830 0.010139
467000 0.010182 0.010182 0.009949
468000 0.010021 0.010021 0.009970
469000 0.009974 0.009974 0.010045
470000 0.010287 0.010287 0.010030
471000 0.009900 0.009900 0.010214
472000 0.010227 0.010227 0.010140
473000 0.010194 0.010194 0.010455
474000 0.010103 0.010103 0.009933
475000 0.010261 0.010261 0.010145
476000 0.010031 0.010031 0.010095
477000 0.010136 0.010136 0.010000
478000 0.009950 0.009950 0.010077
479000 0.009908 0.009908 0.010177
480000 0.009863 0.009863 0.010042
481000 0.009900 0.009900 0.010139
482000 0.009965 0.009965 0.010191
483000 0.009928 0.009928 0.009990
484000 0.009961 0.009961 0.010155
485000 0.009905 0.009905 0.010078
486000 0.009953 0.009953 0.010051
487000 0.010271 0.010271 0.010041
488000 0.010104 0.010104 0.010121
489000 0.010235 0.010235 0.009744
490000 0.010143 0.010143 0.009920
491000 0.009974 0.009974 0.010218
492000 0.009927 0.009927 0.010246
493000 0.009931 0.009931 0.009949
494000 0.009966 0.009966 0.010091
495000 0.010208 0.010208 0.010085
496000 0.010204 0.010204 0.010202
497000 0.009907 0.009907 0.010320
498000 0.010106 0.010106 0.010325
499000 0.010024 0.010024 0.010202
