1000 0.000159761000000 0.000159321000000 0.000159477000000
2000 0.000079213000000 0.000078435000000 0.000079564000000
3000 0.000052573666667 0.000052579333333 0.000052352333333
4000 0.000039670750000 0.000039786500000 0.000039951250000
5000 0.000031794200000 0.000031750000000 0.000031708200000
6000 0.000026270500000 0.000026283500000 0.000026185333333
7000 0.000022579714286 0.000022554285714 0.000022570000000
8000 0.000019697750000 0.000019559250000 0.000019626875000
9000 0.000017437555556 0.000017491000000 0.000017453000000
10000 0.000015661400000 0.000015616300000 0.000015709500000
11000 0.000014264636364 0.000014247727273 0.000014210090909
12000 0.000013069333333 0.000013100750000 0.000012953916667
13000 0.000012032923077 0.000012019307692 0.000012099000000
14000 0.000011108857143 0.000011148000000 0.000011157928571
15000 0.000010359000000 0.000010380866667 0.000010416800000
16000 0.000009783312500 0.000009793625000 0.000009693437500
17000 0.000009182352941 0.000009110352941 0.000009205470588
18000 0.000008676500000 0.000008594000000 0.000008580611111
19000 0.000008172315789 0.000008177052632 0.000008155473684
20000 0.000007772150000 0.000007743050000 0.000007741700000
21000 0.000007385142857 0.000007383714286 0.000007360666667
22000 0.000007123545455 0.000007099727273 0.000007018545455
23000 0.000006770739130 0.000006703000000 0.000006789956522
24000 0.000006427833333 0.000006510833333 0.000006490041667
25000 0.000006198040000 0.000006293080000 0.000006148840000
26000 0.000006002653846 0.000005938769231 0.000005934115385
27000 0.000005728740741 0.000005778629630 0.000005752222222
28000 0.000005597250000 0.000005523928571 0.000005539714286
29000 0.000005363620690 0.000005366034483 0.000005377965517
30000 0.000005158000000 0.000005167466667 0.000005162233333
31000 0.000004951741935 0.000004924290323 0.000004947000000
32000 0.000004809156250 0.000004784656250 0.000004775375000
33000 0.000004641151515 0.000004657727273 0.000004635242424
34000 0.000004489764706 0.000004510676471 0.000004500735294
35000 0.000004360942857 0.000004366885714 0.000004374200000
36000 0.000004229777778 0.000004230527778 0.000004225861111
37000 0.000004112027027 0.000004122027027 0.000004122486486
38000 0.000004004921053 0.000004000526316 0.000004032657895
39000 0.000003931435897 0.000003916461538 0.000003895025641
40000 0.000003836025000 0.000003858750000 0.000003793550000
41000 0.000003718268293 0.000003732658537 0.000003737634146
42000 0.000003621738095 0.000003630642857 0.000003616880952
43000 0.000003559069767 0.000003553744186 0.000003546441860
44000 0.000003444022727 0.000003460181818 0.000003454204545
45000 0.000003401444444 0.000003359200000 0.000003392155556
46000 0.000003303130435 0.000003346152174 0.000003323021739
47000 0.000003197063830 0.000003296851064 0.000003259446809
48000 0.000003150666667 0.000003151041667 0.000003151062500
49000 0.000003114693878 0.000003068244898 0.000003105408163
50000 0.000003001000000 0.000003004420000 0.000002994520000
51000 0.000002935313725 0.000002958098039 0.000002952862745
52000 0.000002873153846 0.000002922192308 0.000002902826923
53000 0.000002843471698 0.000002827566038 0.000002844358491
54000 0.000002778037037 0.000002774444444 0.000002772555556
55000 0.000002738254545 0.000002724072727 0.000002727127273
56000 0.000002661142857 0.000002674250000 0.000002680982143
57000 0.000002606403509 0.000002649771930 0.000002618736842
58000 0.000002569172414 0.000002570172414 0.000002591258621
59000 0.000002523457627 0.000002580322034 0.000002527084746
60000 0.000002469116667 0.000002479683333 0.000002500033333
61000 0.000002454721311 0.000002433295082 0.000002452032787
62000 0.000002391983871 0.000002392112903 0.000002394064516
63000 0.000002378285714 0.000002349761905 0.000002346571429
64000 0.000002314453125 0.000002320156250 0.000002306859375
65000 0.000002283646154 0.000002275661538 0.000002271692308
66000 0.000002236530303 0.000002241636364 0.000002241242424
67000 0.000002207074627 0.000002199716418 0.000002198537313
68000 0.000002167838235 0.000002169411765 0.000002168558824
69000 0.000002139231884 0.000002127869565 0.000002144884058
70000 0.000002105500000 0.000002098400000 0.000002103842857
71000 0.000002075788732 0.000002070760563 0.000002071380282
72000 0.000002045861111 0.000002038069444 0.000002044805556
73000 0.000002009205479 0.000002013328767 0.000002005438356
74000 0.000001979500000 0.000001975418919 0.000001980054054
75000 0.000001954840000 0.000001953386667 0.000001952960000
76000 0.000001929618421 0.000001929276316 0.000001922565789
77000 0.000001911584416 0.000001887857143 0.000001898220779
78000 0.000001869589744 0.000001866589744 0.000001870794872
79000 0.000001850075949 0.000001838405063 0.000001850949367
80000 0.000001827550000 0.000001823662500 0.000001818225000
81000 0.000001813098765 0.000001810209877 0.000001788469136
82000 0.000001795390244 0.000001763146341 0.000001789780488
83000 0.000001782481928 0.000001754024096 0.000001747228916
84000 0.000001743357143 0.000001715166667 0.000001733988095
85000 0.000001703541176 0.000001700188235 0.000001706752941
86000 0.000001691500000 0.000001687523256 0.000001681860465
87000 0.000001665563218 0.000001659195402 0.000001658413793
88000 0.000001638045455 0.000001642272727 0.000001633886364
89000 0.000001622078652 0.000001619977528 0.000001616741573
90000 0.000001605277778 0.000001606177778 0.000001605866667
91000 0.000001590758242 0.000001574406593 0.000001582637363
92000 0.000001562543478 0.000001563554348 0.000001562489130
93000 0.000001553591398 0.000001550806452 0.000001538516129
94000 0.000001526829787 0.000001517521277 0.000001528425532
95000 0.000001506610526 0.000001507884211 0.000001510115789
96000 0.000001499729167 0.000001491041667 0.000001507083333
97000 0.000001471247423 0.000001472659794 0.000001477443299
98000 0.000001449897959 0.000001454020408 0.000001460683673
99000 0.000001443898990 0.000001439383838 0.000001443636364
100000 0.000001434340000 0.000001428310000 0.000001420890000
101000 0.000001418782178 0.000001394079208 0.000001424643564
102000 0.000001409725490 0.000001407676471 0.000001400460784
103000 0.000001377174757 0.000001389436893 0.000001386359223
104000 0.000001372028846 0.000001371192308 0.000001360692308
105000 0.000001368514286 0.000001359561905 0.000001359628571
106000 0.000001346273585 0.000001332245283 0.000001345481132
107000 0.000001316813084 0.000001328112150 0.000001329672897
108000 0.000001311277778 0.000001318120370 0.000001316481481
109000 0.000001297220183 0.000001298614679 0.000001302311927
110000 0.000001278554545 0.000001287172727 0.000001289336364
111000 0.000001263198198 0.000001270360360 0.000001269738739
112000 0.000001262053571 0.000001265839286 0.000001254250000
113000 0.000001248017699 0.000001242548673 0.000001241814159
114000 0.000001229394737 0.000001229421053 0.000001226894737
115000 0.000001216078261 0.000001223000000 0.000001219252174
116000 0.000001209974138 0.000001201663793 0.000001212025862
117000 0.000001202076923 0.000001196786325 0.000001193863248
118000 0.000001186703390 0.000001179652542 0.000001178779661
119000 0.000001179016807 0.000001168428571 0.000001189806723
120000 0.000001171216667 0.000001154341667 0.000001166433333
121000 0.000001159148760 0.000001151561983 0.000001143636364
122000 0.000001145680328 0.000001136311475 0.000001143885246
123000 0.000001130008130 0.000001127528455 0.000001132528455
124000 0.000001112451613 0.000001118048387 0.000001116887097
125000 0.000001104016000 0.000001110304000 0.000001110864000
126000 0.000001098936508 0.000001096309524 0.000001099484127
127000 0.000001080590551 0.000001086023622 0.000001091921260
128000 0.000001087125000 0.000001063179688 0.000001089179688
129000 0.000001068813953 0.000001069077519 0.000001070062016
130000 0.000001062792308 0.000001059446154 0.000001062307692
131000 0.000001055175573 0.000001052671756 0.000001048923664
132000 0.000001046674242 0.000001054303030 0.000001047333333
133000 0.000001029962406 0.000001029548872 0.000001034609023
134000 0.000001028723881 0.000001031738806 0.000001014358209
135000 0.000001017859259 0.000001018274074 0.000001014970370
136000 0.000001008992647 0.000001003676471 0.000001005301471
137000 0.000000998474453 0.000001000416058 0.000000997802920
138000 0.000000989528986 0.000000995768116 0.000000990710145
139000 0.000000975215827 0.000000990187050 0.000000979517986
140000 0.000000976050000 0.000000972107143 0.000000968021429
141000 0.000000961716312 0.000000956304965 0.000000968354610
142000 0.000000955521127 0.000000964154930 0.000000953260563
143000 0.000000946713287 0.000000951895105 0.000000949083916
144000 0.000000943798611 0.000000940930556 0.000000937145833
145000 0.000000935675862 0.000000932696552 0.000000929993103
146000 0.000000941438356 0.000000931452055 0.000000932623288
147000 0.000000926707483 0.000000920251701 0.000000924598639
148000 0.000000908337838 0.000000911459459 0.000000912168919
149000 0.000000921959732 0.000000911335570 0.000000889973154
150000 0.000000910340000 0.000000898113333 0.000000900820000
151000 0.000000896867550 0.000000894894040 0.000000894258278
152000 0.000000891177632 0.000000886250000 0.000000887394737
153000 0.000000880281046 0.000000878039216 0.000000880333333
154000 0.000000877032468 0.000000873162338 0.000000877707792
155000 0.000000870116129 0.000000870780645 0.000000856329032
156000 0.000000855384615 0.000000860621795 0.000000855455128
157000 0.000000859203822 0.000000849872611 0.000000849515924
158000 0.000000847525316 0.000000846082278 0.000000843025316
159000 0.000000855446541 0.000000850911950 0.000000840383648
160000 0.000000839518750 0.000000831125000 0.000000829787500
161000 0.000000829521739 0.000000825279503 0.000000827857143
162000 0.000000821870370 0.000000820796296 0.000000816074074
163000 0.000000815055215 0.000000809920245 0.000000811595092
164000 0.000000809207317 0.000000806067073 0.000000802426829
165000 0.000000801842424 0.000000798248485 0.000000800266667
166000 0.000000791385542 0.000000797024096 0.000000804114458
167000 0.000000788928144 0.000000793562874 0.000000786155689
168000 0.000000785416667 0.000000784333333 0.000000781922619
169000 0.000000777437870 0.000000776242604 0.000000776928994
170000 0.000000768658824 0.000000773788235 0.000000774405882
171000 0.000000768555556 0.000000769391813 0.000000766678363
172000 0.000000761604651 0.000000760063953 0.000000758947674
173000 0.000000752601156 0.000000756739884 0.000000757520231
174000 0.000000748160920 0.000000748724138 0.000000749614943
175000 0.000000745302857 0.000000746085714 0.000000742897143
176000 0.000000742562500 0.000000747397727 0.000000740926136
177000 0.000000731971751 0.000000736649718 0.000000736011299
178000 0.000000729123596 0.000000732589888 0.000000731089888
179000 0.000000730083799 0.000000729458101 0.000000730581006
180000 0.000000719311111 0.000000720016667 0.000000717994444
181000 0.000000712314917 0.000000715701657 0.000000714712707
182000 0.000000710362637 0.000000706164835 0.000000714582418
183000 0.000000704049180 0.000000705978142 0.000000704890710
184000 0.000000702429348 0.000000699239130 0.000000700326087
185000 0.000000695664865 0.000000696194595 0.000000694194595
186000 0.000000688381720 0.000000690182796 0.000000693241935
187000 0.000000688122995 0.000000687363636 0.000000689251337
188000 0.000000682090426 0.000000684308511 0.000000684212766
189000 0.000000678253968 0.000000679417989 0.000000676661376
190000 0.000000673126316 0.000000673710526 0.000000671373684
191000 0.000000669256545 0.000000667879581 0.000000670408377
192000 0.000000663557292 0.000000664588542 0.000000663510417
193000 0.000000663818653 0.000000661383420 0.000000658937824
194000 0.000000655479381 0.000000658505155 0.000000656329897
195000 0.000000654066667 0.000000652194872 0.000000651066667
196000 0.000000647938776 0.000000646428571 0.000000647102041
197000 0.000000646639594 0.000000643147208 0.000000642583756
198000 0.000000645742424 0.000000639202020 0.000000637257576
199000 0.000000637989950 0.000000638246231 0.000000631522613
200000 0.000000629255000 0.000000640955000 0.000000633655000
201000 0.000000630233831 0.000000628084577 0.000000628213930
202000 0.000000636168317 0.000000636985149 0.000000632113861
203000 0.000000624512315 0.000000620472906 0.000000620325123
204000 0.000000614602941 0.000000615029412 0.000000617700980
205000 0.000000611614634 0.000000612053659 0.000000611960976
206000 0.000000608917476 0.000000609621359 0.000000606854369
207000 0.000000607753623 0.000000611314010 0.000000602251208
208000 0.000000601081731 0.000000601750000 0.000000601682692
209000 0.000000596215311 0.000000597660287 0.000000598215311
210000 0.000000592566667 0.000000593266667 0.000000592857143
211000 0.000000587990521 0.000000590582938 0.000000591412322
212000 0.000000590316038 0.000000588047170 0.000000586613208
213000 0.000000583089202 0.000000585220657 0.000000588408451
214000 0.000000583649533 0.000000582009346 0.000000570803738
215000 0.000000582046512 0.000000576539535 0.000000574190698
216000 0.000000574662037 0.000000577912037 0.000000573384259
217000 0.000000585755760 0.000000587594470 0.000000591244240
218000 0.000000568880734 0.000000566958716 0.000000563715596
219000 0.000000564242009 0.000000563662100 0.000000562863014
220000 0.000000565409091 0.000000559609091 0.000000562277273
221000 0.000000568800905 0.000000567470588 0.000000566122172
222000 0.000000554833333 0.000000555297297 0.000000554468468
223000 0.000000548708520 0.000000551865471 0.000000550192825
224000 0.000000545433036 0.000000549187500 0.000000547875000
225000 0.000000547444444 0.000000546924444 0.000000543177778
226000 0.000000542646018 0.000000543207965 0.000000543960177
227000 0.000000537911894 0.000000543709251 0.000000544894273
228000 0.000000536140351 0.000000533736842 0.000000533570175
229000 0.000000534021834 0.000000529895197 0.000000533986900
230000 0.000000527760870 0.000000528539130 0.000000527717391
231000 0.000000527363636 0.000000526528139 0.000000531484848
232000 0.000000525327586 0.000000526762931 0.000000524517241
233000 0.000000525669528 0.000000523768240 0.000000522506438
234000 0.000000519230769 0.000000526987179 0.000000518145299
235000 0.000000514417021 0.000000514600000 0.000000514038298
236000 0.000000517004237 0.000000512885593 0.000000516838983
237000 0.000000519932489 0.000000509362869 0.000000512329114
238000 0.000000509726891 0.000000504794118 0.000000510869748
239000 0.000000518715481 0.000000507669456 0.000000515665272
240000 0.000000500158333 0.000000506495833 0.000000499554167
241000 0.000000505742739 0.000000501410788 0.000000501514523
242000 0.000000499243802 0.000000494913223 0.000000498334711
243000 0.000000496308642 0.000000492897119 0.000000496934156
244000 0.000000496938525 0.000000494696721 0.000000491250000
245000 0.000000495518367 0.000000487828571 0.000000488167347
246000 0.000000492654472 0.000000484459350 0.000000487447154
247000 0.000000488246964 0.000000485453441 0.000000483352227
248000 0.000000479391129 0.000000480306452 0.000000480370968
249000 0.000000482433735 0.000000476767068 0.000000477690763
250000 0.000000475108000 0.000000475048000 0.000000474520000
251000 0.000000473426295 0.000000475011952 0.000000475709163
252000 0.000000470047619 0.000000468567460 0.000000468174603
253000 0.000000465577075 0.000000465909091 0.000000465545455
254000 0.000000464480315 0.000000461830709 0.000000463645669
255000 0.000000471054902 0.000000470196078 0.000000465541176
256000 0.000000459660156 0.000000461437500 0.000000465820313
257000 0.000000462638132 0.000000460552529 0.000000461369650
258000 0.000000456310078 0.000000460720930 0.000000455182171
259000 0.000000453351351 0.000000457061776 0.000000455610039
260000 0.000000450576923 0.000000461992308 0.000000458665385
261000 0.000000458019157 0.000000448352490 0.000000448888889
262000 0.000000447248092 0.000000453614504 0.000000449713740
263000 0.000000446752852 0.000000443794677 0.000000447140684
264000 0.000000441503788 0.000000443079545 0.000000442632576
265000 0.000000438766038 0.000000439075472 0.000000438784906
266000 0.000000436601504 0.000000435229323 0.000000435872180
267000 0.000000435808989 0.000000434003745 0.000000434161049
268000 0.000000445932836 0.000000428947761 0.000000432354478
269000 0.000000431643123 0.000000430267658 0.000000431698885
270000 0.000000431214815 0.000000425907407 0.000000427781481
271000 0.000000427494465 0.000000427136531 0.000000424789668
272000 0.000000425536765 0.000000419658088 0.000000426904412
273000 0.000000423688645 0.000000423985348 0.000000420772894
274000 0.000000419664234 0.000000418916058 0.000000419029197
275000 0.000000422712727 0.000000420887273 0.000000420356364
276000 0.000000415492754 0.000000416938406 0.000000415260870
277000 0.000000415104693 0.000000410985560 0.000000414252708
278000 0.000000412845324 0.000000411305755 0.000000409741007
279000 0.000000409508961 0.000000409476703 0.000000417792115
280000 0.000000407664286 0.000000407500000 0.000000408900000
281000 0.000000406907473 0.000000406021352 0.000000403686833
282000 0.000000405386525 0.000000402595745 0.000000403429078
283000 0.000000403653710 0.000000404250883 0.000000406526502
284000 0.000000401052817 0.000000399584507 0.000000399450704
285000 0.000000398870175 0.000000396407018 0.000000403501754
286000 0.000000401111888 0.000000394209790 0.000000394664336
287000 0.000000392365854 0.000000398212544 0.000000391797909
288000 0.000000394947917 0.000000397930556 0.000000391451389
289000 0.000000390138408 0.000000389844291 0.000000389622837
290000 0.000000389172414 0.000000385062069 0.000000388313793
291000 0.000000387587629 0.000000386161512 0.000000386209622
292000 0.000000383811644 0.000000386835616 0.000000385352740
293000 0.000000387822526 0.000000378634812 0.000000381979522
294000 0.000000384642857 0.000000379102041 0.000000379098639
295000 0.000000376725424 0.000000385349153 0.000000379450847
296000 0.000000380942568 0.000000373429054 0.000000380503378
297000 0.000000380373737 0.000000375461279 0.000000377380471
298000 0.000000372939597 0.000000372523490 0.000000374456376
299000 0.000000378729097 0.000000373311037 0.000000379408027
300000 0.000000377360000 0.000000375866667 0.000000367133333
301000 0.000000372448505 0.000000368880399 0.000000371983389
302000 0.000000365529801 0.000000379039735 0.000000359966887
303000 0.000000370399340 0.000000370254125 0.000000372198020
304000 0.000000362171053 0.000000365625000 0.000000363355263
305000 0.000000364800000 0.000000362963934 0.000000359032787
306000 0.000000361225490 0.000000360529412 0.000000359081699
307000 0.000000356436482 0.000000363446254 0.000000360596091
308000 0.000000353818182 0.000000353766234 0.000000361168831
309000 0.000000360362460 0.000000360029126 0.000000352993528
310000 0.000000352503226 0.000000353793548 0.000000351667742
311000 0.000000348926045 0.000000350109325 0.000000350122186
312000 0.000000349250000 0.000000349214744 0.000000348471154
313000 0.000000348095847 0.000000347658147 0.000000348798722
314000 0.000000348633758 0.000000345210191 0.000000344162420
315000 0.000000345466667 0.000000345990476 0.000000349926984
316000 0.000000345775316 0.000000346541139 0.000000346287975
317000 0.000000345451104 0.000000343337539 0.000000342958991
318000 0.000000346267296 0.000000340176101 0.000000344764151
319000 0.000000343291536 0.000000336545455 0.000000350398119
320000 0.000000339215625 0.000000341234375 0.000000336400000
321000 0.000000337246106 0.000000337816199 0.000000335283489
322000 0.000000337142857 0.000000333472050 0.000000336270186
323000 0.000000330591331 0.000000340321981 0.000000331517028
324000 0.000000331453704 0.000000332141975 0.000000332154321
325000 0.000000329320000 0.000000330827692 0.000000334169231
326000 0.000000329027607 0.000000329745399 0.000000328671779
327000 0.000000330217125 0.000000327993884 0.000000328388379
328000 0.000000331167683 0.000000325512195 0.000000327844512
329000 0.000000324933131 0.000000326784195 0.000000329431611
330000 0.000000324218182 0.000000323106061 0.000000331200000
331000 0.000000321951662 0.000000320280967 0.000000324972810
332000 0.000000322804217 0.000000316213855 0.000000322843373
333000 0.000000318759760 0.000000320822823 0.000000315258258
334000 0.000000315263473 0.000000315311377 0.000000315392216
335000 0.000000318994030 0.000000317220896 0.000000316044776
336000 0.000000316407738 0.000000315773810 0.000000316788690
337000 0.000000313768546 0.000000312270030 0.000000312632047
338000 0.000000312568047 0.000000310852071 0.000000310772189
339000 0.000000309439528 0.000000308941003 0.000000310067847
340000 0.000000308664706 0.000000308302941 0.000000309358824
341000 0.000000310392962 0.000000309744868 0.000000303304985
342000 0.000000308230994 0.000000302152047 0.000000301464912
343000 0.000000304769679 0.000000312874636 0.000000298883382
344000 0.000000301279070 0.000000304095930 0.000000307066860
345000 0.000000305327536 0.000000299971014 0.000000302773913
346000 0.000000301690751 0.000000302234104 0.000000299283237
347000 0.000000298904899 0.000000298533141 0.000000297634006
348000 0.000000304186782 0.000000295632184 0.000000292040230
349000 0.000000299085960 0.000000295931232 0.000000295117479
350000 0.000000293491429 0.000000299714286 0.000000296731429
351000 0.000000296638177 0.000000292809117 0.000000291168091
352000 0.000000295443182 0.000000296815341 0.000000291343750
353000 0.000000290773371 0.000000291124646 0.000000289671388
354000 0.000000289132768 0.000000287587571 0.000000291686441
355000 0.000000290101408 0.000000288025352 0.000000286529577
356000 0.000000288595506 0.000000284567416 0.000000285320225
357000 0.000000292238095 0.000000293529412 0.000000300067227
358000 0.000000287877095 0.000000288432961 0.000000283849162
359000 0.000000281559889 0.000000284030641 0.000000283353760
360000 0.000000279541667 0.000000285838889 0.000000282697222
361000 0.000000281662050 0.000000279903047 0.000000280961219
362000 0.000000280220994 0.000000278527624 0.000000279162983
363000 0.000000276338843 0.000000282404959 0.000000277567493
364000 0.000000282137363 0.000000277442308 0.000000276818681
365000 0.000000280723288 0.000000271947945 0.000000286361644
366000 0.000000269838798 0.000000278404372 0.000000277898907
367000 0.000000274108992 0.000000275147139 0.000000273247956
368000 0.000000276565217 0.000000273293478 0.000000270793478
369000 0.000000273604336 0.000000271661247 0.000000270674797
370000 0.000000270694595 0.000000270240541 0.000000270686486
371000 0.000000268741240 0.000000273576819 0.000000271870620
372000 0.000000267333333 0.000000267951613 0.000000268131720
373000 0.000000267077748 0.000000267608579 0.000000268573727
374000 0.000000268213904 0.000000267101604 0.000000267286096
375000 0.000000265616000 0.000000263290667 0.000000265221333
376000 0.000000263821809 0.000000263582447 0.000000264518617
377000 0.000000262196286 0.000000263198939 0.000000261384615
378000 0.000000259267196 0.000000261767196 0.000000259410053
379000 0.000000259142480 0.000000258839050 0.000000260445910
380000 0.000000259100000 0.000000263110526 0.000000259963158
381000 0.000000257167979 0.000000260065617 0.000000259593176
382000 0.000000258429319 0.000000257285340 0.000000255282723
383000 0.000000255078329 0.000000256864230 0.000000257067885
384000 0.000000254013021 0.000000256036458 0.000000255703125
385000 0.000000256846753 0.000000253145455 0.000000253031169
386000 0.000000254489637 0.000000252541451 0.000000251639896
387000 0.000000251741602 0.000000251514212 0.000000251049096
388000 0.000000249757732 0.000000250219072 0.000000250394330
389000 0.000000248074550 0.000000248802057 0.000000250174807
390000 0.000000246412821 0.000000248687179 0.000000245538462
391000 0.000000246312020 0.000000245058824 0.000000245544757
392000 0.000000246563776 0.000000246017857 0.000000247247449
393000 0.000000245997455 0.000000248025445 0.000000243804071
394000 0.000000244477157 0.000000245928934 0.000000246208122
395000 0.000000247189873 0.000000245977215 0.000000249329114
396000 0.000000243272727 0.000000247755051 0.000000242896465
397000 0.000000245138539 0.000000235947103 0.000000243322418
398000 0.000000243391960 0.000000241298995 0.000000242600503
399000 0.000000248110276 0.000000234972431 0.000000242456140
400000 0.000000237327500 0.000000239262500 0.000000239442500
401000 0.000000241546135 0.000000236750623 0.000000237246883
402000 0.000000237517413 0.000000236534826 0.000000236151741
403000 0.000000235148883 0.000000236109181 0.000000237503722
404000 0.000000236534653 0.000000236235149 0.000000232940594
405000 0.000000248886420 0.000000230229630 0.000000230901235
406000 0.000000231650246 0.000000233573892 0.000000230578818
407000 0.000000232336609 0.000000232309582 0.000000232926290
408000 0.000000229740196 0.000000229710784 0.000000229875000
409000 0.000000229466993 0.000000227880196 0.000000228770171
410000 0.000000227846341 0.000000227895122 0.000000228280488
411000 0.000000227659367 0.000000227744526 0.000000227866180
412000 0.000000226104369 0.000000226410194 0.000000226783981
413000 0.000000226179177 0.000000225055690 0.000000224089588
414000 0.000000224074879 0.000000223480676 0.000000223951691
415000 0.000000222978313 0.000000223525301 0.000000223291566
416000 0.000000222454327 0.000000222584135 0.000000225247596
417000 0.000000226247002 0.000000226846523 0.000000216237410
418000 0.000000221227273 0.000000222394737 0.000000222918660
419000 0.000000220842482 0.000000218582339 0.000000219460621
420000 0.000000219876190 0.000000218519048 0.000000218995238
421000 0.000000218648456 0.000000217800475 0.000000217415677
422000 0.000000221265403 0.000000217132701 0.000000220184834
423000 0.000000217723404 0.000000215432624 0.000000214787234
424000 0.000000215733491 0.000000215238208 0.000000215139151
425000 0.000000213164706 0.000000214743529 0.000000215745882
426000 0.000000213368545 0.000000213018779 0.000000213558685
427000 0.000000211627635 0.000000212365340 0.000000213067916
428000 0.000000211266355 0.000000211530374 0.000000210336449
429000 0.000000210433566 0.000000209459207 0.000000209829837
430000 0.000000209316279 0.000000208811628 0.000000208772093
431000 0.000000212436195 0.000000209199536 0.000000209744780
432000 0.000000208187500 0.000000208449074 0.000000208900463
433000 0.000000209577367 0.000000207050808 0.000000207743649
434000 0.000000206769585 0.000000207928571 0.000000208589862
435000 0.000000207211494 0.000000203629885 0.000000209200000
436000 0.000000209185780 0.000000206022936 0.000000205071101
437000 0.000000201885584 0.000000207086957 0.000000204919908
438000 0.000000205593607 0.000000202536530 0.000000201773973
439000 0.000000208615034 0.000000200036446 0.000000203738041
440000 0.000000203195455 0.000000202513636 0.000000200302273
441000 0.000000201156463 0.000000202376417 0.000000200058957
442000 0.000000199891403 0.000000199357466 0.000000199979638
443000 0.000000199155756 0.000000199257336 0.000000199067720
444000 0.000000199175676 0.000000197889640 0.000000197328829
445000 0.000000197177528 0.000000199024719 0.000000197379775
446000 0.000000196522422 0.000000196428251 0.000000196892377
447000 0.000000197751678 0.000000196152125 0.000000195597315
448000 0.000000197285714 0.000000198127232 0.000000193964286
449000 0.000000198184855 0.000000193899777 0.000000194777283
450000 0.000000194695556 0.000000204693333 0.000000188331111
451000 0.000000192607539 0.000000191237251 0.000000194904656
452000 0.000000192553097 0.000000191539823 0.000000192199115
453000 0.000000191534216 0.000000191642384 0.000000190889625
454000 0.000000193645374 0.000000193167401 0.000000191577093
455000 0.000000190606593 0.000000189951648 0.000000190463736
456000 0.000000188986842 0.000000191162281 0.000000189980263
457000 0.000000189768053 0.000000188597374 0.000000189466083
458000 0.000000192860262 0.000000187978166 0.000000185362445
459000 0.000000191137255 0.000000187422658 0.000000189359477
460000 0.000000186391304 0.000000186782609 0.000000186586957
461000 0.000000186733189 0.000000185002169 0.000000185843818
462000 0.000000185277056 0.000000183941558 0.000000185781385
463000 0.000000185071274 0.000000185740821 0.000000182453564
464000 0.000000183000000 0.000000185088362 0.000000182170259
465000 0.000000185690323 0.000000184468817 0.000000181455914
466000 0.000000180255365 0.000000180793991 0.000000181641631
467000 0.000000181674518 0.000000180758030 0.000000180563169
468000 0.000000181331197 0.000000179683761 0.000000179790598
469000 0.000000181671642 0.000000178737740 0.000000177692964
470000 0.000000179991489 0.000000179717021 0.000000179427660
471000 0.000000178585987 0.000000179963907 0.000000179490446
472000 0.000000177341102 0.000000179288136 0.000000178351695
473000 0.000000178441860 0.000000179386892 0.000000177558140
474000 0.000000175924051 0.000000178217300 0.000000178094937
475000 0.000000176492632 0.000000176027368 0.000000175583158
476000 0.000000174403361 0.000000175371849 0.000000174415966
477000 0.000000173654088 0.000000173844864 0.000000173534591
478000 0.000000171723849 0.000000173278243 0.000000174715481
479000 0.000000174544885 0.000000173810021 0.000000170498956
480000 0.000000172083333 0.000000171018750 0.000000170231250
481000 0.000000171586279 0.000000170790021 0.000000170837838
482000 0.000000167782158 0.000000172607884 0.000000171087137
483000 0.000000172590062 0.000000169275362 0.000000167993789
484000 0.000000169047521 0.000000168615702 0.000000169173554
485000 0.000000168043299 0.000000170228866 0.000000168200000
486000 0.000000173553498 0.000000167771605 0.000000169485597
487000 0.000000167841889 0.000000166655031 0.000000166958932
488000 0.000000168034836 0.000000165973361 0.000000168237705
489000 0.000000167862986 0.000000164642127 0.000000167384458
490000 0.000000167624490 0.000000167528571 0.000000164022449
491000 0.000000165867617 0.000000165623218 0.000000164865580
492000 0.000000164693089 0.000000163849593 0.000000164526423
493000 0.000000163888438 0.000000163219067 0.000000162896552
494000 0.000000163103239 0.000000163645749 0.000000163414980
495000 0.000000161666667 0.000000161054545 0.000000161173737
496000 0.000000161592742 0.000000161320565 0.000000161310484
497000 0.000000160657948 0.000000160800805 0.000000161368209
498000 0.000000161584337 0.000000161606426 0.000000162000000
499000 0.000000159020040 0.000000159751503 0.000000158795591
