1000 0.000159971000000 0.000159644000000 0.000161766000000
2000 0.000079076500000 0.000078995500000 0.000079467500000
3000 0.000052471333333 0.000052701000000 0.000052454666667
4000 0.000040014250000 0.000039443250000 0.000039347750000
5000 0.000031652000000 0.000031438600000 0.000031400000000
6000 0.000026211000000 0.000026191000000 0.000026191500000
7000 0.000022462571429 0.000022314285714 0.000022388000000
8000 0.000019651500000 0.000019605000000 0.000019533125000
9000 0.000017697666667 0.000017587333333 0.000017582000000
10000 0.000015579000000 0.000015664600000 0.000015701700000
11000 0.000014315818182 0.000014263090909 0.000014361818182
12000 0.000013097833333 0.000013215000000 0.000013087000000
13000 0.000012061692308 0.000011963076923 0.000011994000000
14000 0.000011227642857 0.000011176000000 0.000011142214286
15000 0.000010504000000 0.000010392200000 0.000010378933333
16000 0.000009778937500 0.000009672312500 0.000009744812500
17000 0.000009184058824 0.000009119470588 0.000009171823529
18000 0.000008678388889 0.000008641666667 0.000008668500000
19000 0.000008247000000 0.000008151894737 0.000008176578947
20000 0.000007787300000 0.000007747700000 0.000007810050000
21000 0.000007454952381 0.000007372047619 0.000007372857143
22000 0.000007111590909 0.000007064590909 0.000007040454545
23000 0.000006734521739 0.000006722869565 0.000006740739130
24000 0.000006476125000 0.000006454291667 0.000006433833333
25000 0.000006162800000 0.000006179040000 0.000006180040000
26000 0.000005912500000 0.000005923653846 0.000005957769231
27000 0.000005675592593 0.000005710703704 0.000005700407407
28000 0.000005473892857 0.000005477535714 0.000005469750000
29000 0.000005302620690 0.000005299517241 0.000005281137931
30000 0.000005112400000 0.000005111933333 0.000005096733333
31000 0.000004973387097 0.000004929000000 0.000004936258065
32000 0.000004777000000 0.000004772750000 0.000004781937500
33000 0.000004629030303 0.000004633121212 0.000004634818182
34000 0.000004478264706 0.000004487029412 0.000004486000000
35000 0.000004354171429 0.000004346771429 0.000004359742857
36000 0.000004223777778 0.000004221027778 0.000004219305556
37000 0.000004150243243 0.000004077054054 0.000004114270270
38000 0.000003990342105 0.000003992236842 0.000003991789474
39000 0.000003880205128 0.000003883051282 0.000003898769231
40000 0.000003783150000 0.000003785175000 0.000003780175000
41000 0.000003710000000 0.000003686878049 0.000003699756098
42000 0.000003599428571 0.000003596428571 0.000003596523810
43000 0.000003511511628 0.000003509093023 0.000003506581395
44000 0.000003432136364 0.000003418750000 0.000003419840909
45000 0.000003364200000 0.000003346711111 0.000003361155556
46000 0.000003310847826 0.000003297347826 0.000003245260870
47000 0.000003248553191 0.000003202914894 0.000003205787234
48000 0.000003142958333 0.000003137145833 0.000003142270833
49000 0.000003063265306 0.000003069408163 0.000003072408163
50000 0.000002994860000 0.000002990060000 0.000003008380000
51000 0.000002948294118 0.000002931568627 0.000002933470588
52000 0.000002889634615 0.000002885480769 0.000002869403846
53000 0.000002829301887 0.000002860283019 0.000002805245283
54000 0.000002803518519 0.000002754611111 0.000002776870370
55000 0.000002729709091 0.000002714745455 0.000002714618182
56000 0.000002677196429 0.000002659482143 0.000002647464286
57000 0.000002625719298 0.000002629684211 0.000002596666667
58000 0.000002592844828 0.000002553655172 0.000002568310345
59000 0.000002530847458 0.000002515898305 0.000002526237288
60000 0.000002484366667 0.000002477700000 0.000002470366667
61000 0.000002430278689 0.000002432885246 0.000002426901639
62000 0.000002407806452 0.000002389790323 0.000002387129032
63000 0.000002369904762 0.000002348285714 0.000002337333333
64000 0.000002319859375 0.000002312406250 0.000002312093750
65000 0.000002290061538 0.000002266876923 0.000002266892308
66000 0.000002246409091 0.000002236545455 0.000002241090909
67000 0.000002204552239 0.000002202776119 0.000002202029851
68000 0.000002174588235 0.000002169029412 0.000002169794118
69000 0.000002141202899 0.000002125753623 0.000002135260870
70000 0.000002107457143 0.000002099242857 0.000002107628571
71000 0.000002072478873 0.000002064211268 0.000002060577465
72000 0.000002038472222 0.000002037125000 0.000002039472222
73000 0.000002017205479 0.000002012369863 0.000002003178082
74000 0.000001988054054 0.000001976729730 0.000001974459459
75000 0.000001961786667 0.000001947200000 0.000001939693333
76000 0.000001927039474 0.000001920197368 0.000001920750000
77000 0.000001897519481 0.000001889051948 0.000001894532468
78000 0.000001877589744 0.000001866910256 0.000001864653846
79000 0.000001849810127 0.000001840164557 0.000001839936709
80000 0.000001824412500 0.000001819512500 0.000001810712500
81000 0.000001804271605 0.000001787345679 0.000001792098765
82000 0.000001778304878 0.000001765780488 0.000001767073171
83000 0.000001748843373 0.000001742000000 0.000001746783133
84000 0.000001726000000 0.000001721714286 0.000001717488095
85000 0.000001697823529 0.000001698764706 0.000001698494118
86000 0.000001685302326 0.000001678151163 0.000001674372093
87000 0.000001658172414 0.000001653000000 0.000001655218391
88000 0.000001635556818 0.000001632602273 0.000001638227273
89000 0.000001617561798 0.000001610685393 0.000001612831461
90000 0.000001597066667 0.000001590977778 0.000001593788889
91000 0.000001578054945 0.000001571395604 0.000001576439560
92000 0.000001559239130 0.000001556304348 0.000001558880435
93000 0.000001572258065 0.000001557892473 0.000001556978495
94000 0.000001529797872 0.000001526553191 0.000001509712766
95000 0.000001502094737 0.000001507431579 0.000001505105263
96000 0.000001485729167 0.000001501281250 0.000001479250000
97000 0.000001472505155 0.000001469927835 0.000001473505155
98000 0.000001455734694 0.000001455295918 0.000001453540816
99000 0.000001443858586 0.000001443949495 0.000001445090909
100000 0.000001428240000 0.000001405760000 0.000001442720000
101000 0.000001420069307 0.000001399148515 0.000001403792079
102000 0.000001397490196 0.000001386882353 0.000001391294118
103000 0.000001378737864 0.000001376067961 0.000001378436893
104000 0.000001374173077 0.000001369442308 0.000001373605769
105000 0.000001349752381 0.000001345866667 0.000001346895238
106000 0.000001329575472 0.000001332726415 0.000001334415094
107000 0.000001330233645 0.000001315224299 0.000001315214953
108000 0.000001312083333 0.000001307879630 0.000001303305556
109000 0.000001297091743 0.000001287770642 0.000001293330275
110000 0.000001285054545 0.000001277681818 0.000001280845455
111000 0.000001273018018 0.000001259585586 0.000001263126126
112000 0.000001253598214 0.000001248785714 0.000001256642857
113000 0.000001249000000 0.000001237318584 0.000001238920354
114000 0.000001236956140 0.000001229947368 0.000001227307018
115000 0.000001226139130 0.000001215234783 0.000001215313043
116000 0.000001209637931 0.000001206310345 0.000001199965517
117000 0.000001194401709 0.000001189811966 0.000001198820513
118000 0.000001179110169 0.000001187220339 0.000001178974576
119000 0.000001172915966 0.000001168621849 0.000001169294118
120000 0.000001164675000 0.000001155550000 0.000001157583333
121000 0.000001146000000 0.000001141652893 0.000001150371901
122000 0.000001134745902 0.000001135245902 0.000001135467213
123000 0.000001124829268 0.000001124325203 0.000001123520325
124000 0.000001115225806 0.000001108322581 0.000001120564516
125000 0.000001102928000 0.000001106360000 0.000001106576000
126000 0.000001096500000 0.000001092476190 0.000001096333333
127000 0.000001105440945 0.000001111291339 0.000001099472441
128000 0.000001077882813 0.000001074492188 0.000001076023438
129000 0.000001067922481 0.000001065255814 0.000001066534884
130000 0.000001052446154 0.000001056007692 0.000001057276923
131000 0.000001049320611 0.000001045946565 0.000001046931298
132000 0.000001041901515 0.000001038939394 0.000001035568182
133000 0.000001033105263 0.000001025210526 0.000001028120301
134000 0.000001022447761 0.000001018097015 0.000001018746269
135000 0.000001015318519 0.000001014570370 0.000001009125926
136000 0.000001016014706 0.000001000301471 0.000000995448529
137000 0.000000996978102 0.000000997153285 0.000000995620438
138000 0.000000986137681 0.000000983579710 0.000000987347826
139000 0.000000979798561 0.000000979769784 0.000000981517986
140000 0.000000969707143 0.000000975907143 0.000000971892857
141000 0.000000960340426 0.000000962333333 0.000000960546099
142000 0.000000960514085 0.000000947880282 0.000000956478873
143000 0.000000948986014 0.000000944132867 0.000000951650350
144000 0.000000948326389 0.000000942041667 0.000000938687500
145000 0.000000936793103 0.000000933986207 0.000000930682759
146000 0.000000919054795 0.000000933356164 0.000000924630137
147000 0.000000918353741 0.000000913047619 0.000000921707483
148000 0.000000916648649 0.000000910479730 0.000000901945946
149000 0.000000909295302 0.000000905563758 0.000000897046980
150000 0.000000897020000 0.000000897033333 0.000000897913333
151000 0.000000897834437 0.000000878145695 0.000000892913907
152000 0.000000882657895 0.000000873638158 0.000000890585526
153000 0.000000884908497 0.000000887241830 0.000000879640523
154000 0.000000865623377 0.000000878110390 0.000000880551948
155000 0.000000875122581 0.000000862406452 0.000000864064516
156000 0.000000862807692 0.000000854993590 0.000000855314103
157000 0.000000838834395 0.000000850522293 0.000000850433121
158000 0.000000847860759 0.000000832987342 0.000000838746835
159000 0.000000837603774 0.000000832968553 0.000000834238994
160000 0.000000830156250 0.000000828381250 0.000000828062500
161000 0.000000825055901 0.000000823658385 0.000000823447205
162000 0.000000822271605 0.000000816956790 0.000000817271605
163000 0.000000810662577 0.000000808496933 0.000000810300613
164000 0.000000814317073 0.000000804554878 0.000000804439024
165000 0.000000801387879 0.000000801296970 0.000000798915152
166000 0.000000793337349 0.000000791813253 0.000000795048193
167000 0.000000792718563 0.000000796688623 0.000000785113772
168000 0.000000778886905 0.000000784839286 0.000000787065476
169000 0.000000784733728 0.000000777284024 0.000000775278107
170000 0.000000773688235 0.000000771623529 0.000000770641176
171000 0.000000768853801 0.000000760701754 0.000000766116959
172000 0.000000767116279 0.000000761843023 0.000000760052326
173000 0.000000758335260 0.000000754884393 0.000000754658960
174000 0.000000754097701 0.000000749867816 0.000000746862069
175000 0.000000751000000 0.000000743594286 0.000000742845714
176000 0.000000736761364 0.000000737818182 0.000000738880682
177000 0.000000741807910 0.000000734299435 0.000000731926554
178000 0.000000736955056 0.000000727696629 0.000000728488764
179000 0.000000724094972 0.000000725245810 0.000000726217877
180000 0.000000719200000 0.000000722494444 0.000000720405556
181000 0.000000712441989 0.000000715298343 0.000000714088398
182000 0.000000713703297 0.000000710148352 0.000000710840659
183000 0.000000702765027 0.000000711508197 0.000000700792350
184000 0.000000700586957 0.000000698342391 0.000000701135870
185000 0.000000699405405 0.000000692924324 0.000000694227027
186000 0.000000699634409 0.000000700930108 0.000000687322581
187000 0.000000698518717 0.000000685844920 0.000000683962567
188000 0.000000688053191 0.000000686542553 0.000000676473404
189000 0.000000689529101 0.000000676894180 0.000000667693122
190000 0.000000673215789 0.000000673394737 0.000000676042105
191000 0.000000671617801 0.000000669513089 0.000000671434555
192000 0.000000662645833 0.000000668416667 0.000000674437500
193000 0.000000660834197 0.000000658782383 0.000000661720207
194000 0.000000654793814 0.000000656206186 0.000000657639175
195000 0.000000657348718 0.000000657538462 0.000000651866667
196000 0.000000647933673 0.000000648525510 0.000000653229592
197000 0.000000645395939 0.000000646071066 0.000000645314721
198000 0.000000647202020 0.000000637252525 0.000000653267677
199000 0.000000642894472 0.000000643457286 0.000000648904523
200000 0.000000636910000 0.000000636140000 0.000000631960000
201000 0.000000629746269 0.000000630179104 0.000000625955224
202000 0.000000625376238 0.000000625064356 0.000000624544554
203000 0.000000618689655 0.000000618881773 0.000000619975369
204000 0.000000621500000 0.000000616313725 0.000000614700980
205000 0.000000615409756 0.000000610312195 0.000000614892683
206000 0.000000608893204 0.000000614296117 0.000000605805825
207000 0.000000622884058 0.000000604531401 0.000000603420290
208000 0.000000609894231 0.000000601139423 0.000000602216346
209000 0.000000594425837 0.000000601397129 0.000000601497608
210000 0.000000599342857 0.000000592980952 0.000000595433333
211000 0.000000604336493 0.000000589004739 0.000000594654028
212000 0.000000592410377 0.000000589193396 0.000000588443396
213000 0.000000590666667 0.000000586422535 0.000000585201878
214000 0.000000591546729 0.000000586490654 0.000000574060748
215000 0.000000580097674 0.000000578395349 0.000000575130233
216000 0.000000582777778 0.000000567189815 0.000000577120370
217000 0.000000583658986 0.000000571423963 0.000000568963134
218000 0.000000566449541 0.000000563944954 0.000000574550459
219000 0.000000571196347 0.000000559438356 0.000000568283105
220000 0.000000564213636 0.000000560800000 0.000000563036364
221000 0.000000556081448 0.000000559642534 0.000000555294118
222000 0.000000556788288 0.000000552648649 0.000000553783784
223000 0.000000557192825 0.000000549591928 0.000000553497758
224000 0.000000552151786 0.000000546598214 0.000000547691964
225000 0.000000556884444 0.000000547640000 0.000000544080000
226000 0.000000538924779 0.000000541504425 0.000000541442478
227000 0.000000543903084 0.000000538537445 0.000000535731278
228000 0.000000537513158 0.000000537728070 0.000000532859649
229000 0.000000531314410 0.000000530799127 0.000000530445415
230000 0.000000530252174 0.000000529791304 0.000000529586957
231000 0.000000524701299 0.000000525662338 0.000000525523810
232000 0.000000524758621 0.000000522969828 0.000000521969828
233000 0.000000521939914 0.000000518982833 0.000000521678112
234000 0.000000518735043 0.000000519371795 0.000000520948718
235000 0.000000524348936 0.000000521059574 0.000000508885106
236000 0.000000515402542 0.000000513046610 0.000000512529661
237000 0.000000519409283 0.000000506940928 0.000000505894515
238000 0.000000514907563 0.000000511243697 0.000000500563025
239000 0.000000516451883 0.000000502577406 0.000000502786611
240000 0.000000513070833 0.000000489370833 0.000000506066667
241000 0.000000505485477 0.000000498008299 0.000000489298755
242000 0.000000520264463 0.000000522045455 0.000000510475207
243000 0.000000493543210 0.000000491913580 0.000000494189300
244000 0.000000495090164 0.000000482709016 0.000000492500000
245000 0.000000478510204 0.000000493253061 0.000000487375510
246000 0.000000485186992 0.000000486382114 0.000000485784553
247000 0.000000481886640 0.000000482352227 0.000000484558704
248000 0.000000491310484 0.000000476508065 0.000000483915323
249000 0.000000477281124 0.000000479228916 0.000000475903614
250000 0.000000476588000 0.000000479624000 0.000000471796000
251000 0.000000465175299 0.000000472258964 0.000000477231076
252000 0.000000468309524 0.000000468670635 0.000000470123016
253000 0.000000466569170 0.000000463316206 0.000000468063241
254000 0.000000463255906 0.000000465952756 0.000000465913386
255000 0.000000465137255 0.000000463772549 0.000000458607843
256000 0.000000464859375 0.000000460570313 0.000000456695313
257000 0.000000457517510 0.000000456964981 0.000000457614786
258000 0.000000459321705 0.000000453678295 0.000000452523256
259000 0.000000454266409 0.000000452328185 0.000000451764479
260000 0.000000450280769 0.000000448184615 0.000000457373077
261000 0.000000448363985 0.000000447417625 0.000000447762452
262000 0.000000447083969 0.000000444912214 0.000000445496183
263000 0.000000444441065 0.000000442885932 0.000000445159696
264000 0.000000442575758 0.000000440132576 0.000000441553030
265000 0.000000438686792 0.000000439981132 0.000000438958491
266000 0.000000438939850 0.000000436187970 0.000000434454887
267000 0.000000434823970 0.000000433295880 0.000000433056180
268000 0.000000431126866 0.000000428167910 0.000000436324627
269000 0.000000434003717 0.000000427490706 0.000000429784387
270000 0.000000438351852 0.000000431077778 0.000000425185185
271000 0.000000423317343 0.000000424645756 0.000000430357934
272000 0.000000423779412 0.000000432694853 0.000000425584559
273000 0.000000419776557 0.000000419882784 0.000000421725275
274000 0.000000420934307 0.000000419572993 0.000000420562044
275000 0.000000416632727 0.000000416672727 0.000000416970909
276000 0.000000414076087 0.000000415188406 0.000000415768116
277000 0.000000413472924 0.000000412155235 0.000000412722022
278000 0.000000412705036 0.000000410705036 0.000000409687050
279000 0.000000408734767 0.000000408609319 0.000000408677419
280000 0.000000406946429 0.000000407307143 0.000000407057143
281000 0.000000404537367 0.000000404697509 0.000000404338078
282000 0.000000403294326 0.000000401960993 0.000000402280142
283000 0.000000404477032 0.000000399021201 0.000000400533569
284000 0.000000400478873 0.000000396549296 0.000000398728873
285000 0.000000399578947 0.000000395964912 0.000000398614035
286000 0.000000395723776 0.000000397982517 0.000000396458042
287000 0.000000394836237 0.000000393630662 0.000000390337979
288000 0.000000390885417 0.000000389069444 0.000000391302083
289000 0.000000388930796 0.000000389093426 0.000000388792388
290000 0.000000386158621 0.000000385824138 0.000000386772414
291000 0.000000387865979 0.000000383680412 0.000000384601375
292000 0.000000389500000 0.000000384657534 0.000000392071918
293000 0.000000381341297 0.000000383020478 0.000000380890785
294000 0.000000381017007 0.000000378445578 0.000000379074830
295000 0.000000377925424 0.000000377491525 0.000000379094915
296000 0.000000377878378 0.000000377391892 0.000000374486486
297000 0.000000375609428 0.000000374734007 0.000000373107744
298000 0.000000374134228 0.000000371942953 0.000000371895973
299000 0.000000376247492 0.000000370434783 0.000000368013378
300000 0.000000372696667 0.000000367733333 0.000000368490000
301000 0.000000370382060 0.000000367179402 0.000000368385382
302000 0.000000370122517 0.000000365394040 0.000000366847682
303000 0.000000365765677 0.000000366894389 0.000000361531353
304000 0.000000363641447 0.000000361296053 0.000000362861842
305000 0.000000365495082 0.000000361560656 0.000000356639344
306000 0.000000362013072 0.000000360241830 0.000000358683007
307000 0.000000358420195 0.000000356299674 0.000000357328990
308000 0.000000353814935 0.000000357058442 0.000000355629870
309000 0.000000353614887 0.000000352935275 0.000000353333333
310000 0.000000353283871 0.000000351996774 0.000000351158065
311000 0.000000349784566 0.000000348723473 0.000000349803859
312000 0.000000351016026 0.000000347778846 0.000000349708333
313000 0.000000348744409 0.000000347434505 0.000000347619808
314000 0.000000347101911 0.000000344222930 0.000000349044586
315000 0.000000338168254 0.000000355288889 0.000000352349206
316000 0.000000343639241 0.000000344813291 0.000000342294304
317000 0.000000343835962 0.000000341015773 0.000000340675079
318000 0.000000352415094 0.000000341022013 0.000000334716981
319000 0.000000335774295 0.000000336316614 0.000000340231975
320000 0.000000337093750 0.000000335846875 0.000000337340625
321000 0.000000341563863 0.000000335056075 0.000000333383178
322000 0.000000336046584 0.000000339012422 0.000000328490683
323000 0.000000330851393 0.000000330479876 0.000000335984520
324000 0.000000333416667 0.000000330793210 0.000000328407407
325000 0.000000338584615 0.000000323523077 0.000000332135385
326000 0.000000328592025 0.000000324644172 0.000000326438650
327000 0.000000325122324 0.000000331449541 0.000000321360856
328000 0.000000323173780 0.000000323865854 0.000000325615854
329000 0.000000323547112 0.000000319793313 0.000000325449848
330000 0.000000319081818 0.000000322233333 0.000000320863636
331000 0.000000315419940 0.000000323809668 0.000000318658610
332000 0.000000318105422 0.000000315822289 0.000000318602410
333000 0.000000317057057 0.000000316666667 0.000000315264264
334000 0.000000315491018 0.000000314314371 0.000000316502994
335000 0.000000314964179 0.000000311002985 0.000000315095522
336000 0.000000315738095 0.000000311270833 0.000000312151786
337000 0.000000310083086 0.000000311314540 0.000000311234421
338000 0.000000310139053 0.000000309724852 0.000000308775148
339000 0.000000309008850 0.000000307678466 0.000000308168142
340000 0.000000308644118 0.000000306752941 0.000000308964706
341000 0.000000305958944 0.000000305008798 0.000000305686217
342000 0.000000304040936 0.000000304008772 0.000000305576023
343000 0.000000301288630 0.000000305775510 0.000000302967930
344000 0.000000302517442 0.000000302453488 0.000000300982558
345000 0.000000298513043 0.000000300171014 0.000000300802899
346000 0.000000297667630 0.000000297763006 0.000000300760116
347000 0.000000299642651 0.000000297916427 0.000000296187320
348000 0.000000293163793 0.000000301304598 0.000000297873563
349000 0.000000300965616 0.000000295151862 0.000000294191977
350000 0.000000297502857 0.000000301380000 0.000000288945714
351000 0.000000292113960 0.000000291658120 0.000000290797721
352000 0.000000295789773 0.000000289690341 0.000000289852273
353000 0.000000298628895 0.000000298963173 0.000000299889518
354000 0.000000289751412 0.000000288562147 0.000000288440678
355000 0.000000290481690 0.000000288185915 0.000000286078873
356000 0.000000288410112 0.000000285387640 0.000000286525281
357000 0.000000286955182 0.000000285596639 0.000000282823529
358000 0.000000283980447 0.000000282634078 0.000000282958101
359000 0.000000283286908 0.000000282373259 0.000000283136490
360000 0.000000282825000 0.000000280361111 0.000000280438889
361000 0.000000281772853 0.000000279639889 0.000000279072022
362000 0.000000279066298 0.000000278430939 0.000000277104972
363000 0.000000277685950 0.000000276760331 0.000000277057851
364000 0.000000278002747 0.000000276291209 0.000000274920330
365000 0.000000275928767 0.000000273293151 0.000000279646575
366000 0.000000275060109 0.000000274330601 0.000000274923497
367000 0.000000275899183 0.000000271942779 0.000000272155313
368000 0.000000273391304 0.000000270217391 0.000000271092391
369000 0.000000274449864 0.000000271842818 0.000000273674797
370000 0.000000272686486 0.000000272743243 0.000000269372973
371000 0.000000272339623 0.000000268962264 0.000000266307278
372000 0.000000265889785 0.000000267349462 0.000000266927419
373000 0.000000264254692 0.000000265656836 0.000000267260054
374000 0.000000267823529 0.000000264692513 0.000000264705882
375000 0.000000265514667 0.000000265746667 0.000000265258667
376000 0.000000267896277 0.000000262550532 0.000000266053191
377000 0.000000261114058 0.000000262236074 0.000000261625995
378000 0.000000257928571 0.000000264515873 0.000000262407407
379000 0.000000259324538 0.000000259002639 0.000000260546174
380000 0.000000260810526 0.000000257689474 0.000000259036842
381000 0.000000257288714 0.000000256207349 0.000000258320210
382000 0.000000259599476 0.000000255748691 0.000000255452880
383000 0.000000262263708 0.000000256080940 0.000000250566580
384000 0.000000255822917 0.000000252604167 0.000000255630208
385000 0.000000258392208 0.000000250412987 0.000000252607792
386000 0.000000260435233 0.000000254715026 0.000000251248705
387000 0.000000256217054 0.000000246240310 0.000000253188630
388000 0.000000257376289 0.000000252505155 0.000000247670103
389000 0.000000250254499 0.000000250311054 0.000000247616967
390000 0.000000257338462 0.000000243907692 0.000000247207692
391000 0.000000249777494 0.000000244695652 0.000000244636829
392000 0.000000246772959 0.000000249002551 0.000000246642857
393000 0.000000246816794 0.000000247725191 0.000000246076336
394000 0.000000244220812 0.000000243307107 0.000000243144670
395000 0.000000246870886 0.000000244974684 0.000000239908861
396000 0.000000242287879 0.000000240411616 0.000000240287879
397000 0.000000242178841 0.000000240062972 0.000000239224181
398000 0.000000242258794 0.000000238512563 0.000000240125628
399000 0.000000241634085 0.000000239448622 0.000000238909774
400000 0.000000238827500 0.000000237677500 0.000000237342500
401000 0.000000236281796 0.000000230673317 0.000000245755611
402000 0.000000233699005 0.000000243303483 0.000000232800995
403000 0.000000232885856 0.000000234334988 0.000000234496278
404000 0.000000233292079 0.000000233641089 0.000000234168317
405000 0.000000233516049 0.000000232385185 0.000000231797531
406000 0.000000233064039 0.000000230453202 0.000000231182266
407000 0.000000233154791 0.000000229152334 0.000000230786241
408000 0.000000232882353 0.000000229424020 0.000000229433824
409000 0.000000230068460 0.000000225158924 0.000000230845966
410000 0.000000230353659 0.000000226765854 0.000000227992683
411000 0.000000226347932 0.000000227148418 0.000000226637470
412000 0.000000228072816 0.000000225519417 0.000000224781553
413000 0.000000225012107 0.000000226552058 0.000000222808717
414000 0.000000223630435 0.000000223978261 0.000000224188406
415000 0.000000224626506 0.000000221175904 0.000000222631325
416000 0.000000222389423 0.000000225740385 0.000000219173077
417000 0.000000219959233 0.000000220417266 0.000000221947242
418000 0.000000220138756 0.000000220222488 0.000000220210526
419000 0.000000221152745 0.000000219183771 0.000000218880668
420000 0.000000218959524 0.000000217976190 0.000000218466667
421000 0.000000217225653 0.000000217629454 0.000000217026128
422000 0.000000216291469 0.000000216026066 0.000000216549763
423000 0.000000216101655 0.000000214338061 0.000000214853428
424000 0.000000213153302 0.000000216134434 0.000000214683962
425000 0.000000215647059 0.000000214680000 0.000000215056471
426000 0.000000212774648 0.000000212476526 0.000000212983568
427000 0.000000211775176 0.000000211210773 0.000000211875878
428000 0.000000210927570 0.000000210950935 0.000000210357477
429000 0.000000213673660 0.000000209452214 0.000000210750583
430000 0.000000211097674 0.000000209681395 0.000000210067442
431000 0.000000209874710 0.000000209668213 0.000000209208817
432000 0.000000209449074 0.000000207912037 0.000000206722222
433000 0.000000206547344 0.000000207032333 0.000000207230947
434000 0.000000205539171 0.000000211619816 0.000000205827189
435000 0.000000208103448 0.000000207560920 0.000000204668966
436000 0.000000205422018 0.000000204550459 0.000000204348624
437000 0.000000205530892 0.000000201716247 0.000000204164760
438000 0.000000202940639 0.000000202285388 0.000000202331050
439000 0.000000202396355 0.000000201492027 0.000000201503417
440000 0.000000198606818 0.000000194681818 0.000000213225000
441000 0.000000203031746 0.000000201718821 0.000000200219955
442000 0.000000199502262 0.000000199203620 0.000000199518100
443000 0.000000199207675 0.000000198733634 0.000000198133183
444000 0.000000197337838 0.000000197574324 0.000000197416667
445000 0.000000196782022 0.000000197058427 0.000000196346067
446000 0.000000195623318 0.000000195856502 0.000000195883408
447000 0.000000195123043 0.000000194782998 0.000000195630872
448000 0.000000194044643 0.000000194397321 0.000000194997768
449000 0.000000194498886 0.000000193761693 0.000000193293987
450000 0.000000197837778 0.000000196504444 0.000000196686667
451000 0.000000193937916 0.000000191751663 0.000000192190687
452000 0.000000191557522 0.000000190261062 0.000000191526549
453000 0.000000190673289 0.000000190181015 0.000000190293598
454000 0.000000190002203 0.000000189603524 0.000000190389868
455000 0.000000189138462 0.000000189043956 0.000000189054945
456000 0.000000188085526 0.000000187896930 0.000000188199561
457000 0.000000188371991 0.000000186822757 0.000000187330416
458000 0.000000186886463 0.000000186711790 0.000000186637555
459000 0.000000186627451 0.000000185581699 0.000000185930283
460000 0.000000184586957 0.000000184860870 0.000000185521739
461000 0.000000185002169 0.000000183954447 0.000000184464208
462000 0.000000184735931 0.000000183993506 0.000000184067100
463000 0.000000184267819 0.000000182842333 0.000000184293737
464000 0.000000184338362 0.000000182025862 0.000000182280172
465000 0.000000184182796 0.000000180729032 0.000000181946237
466000 0.000000180768240 0.000000181358369 0.000000180845494
467000 0.000000179899358 0.000000180132762 0.000000179811563
468000 0.000000180074786 0.000000179228632 0.000000179482906
469000 0.000000178754797 0.000000178434968 0.000000179119403
470000 0.000000178482979 0.000000178142553 0.000000178034043
471000 0.000000178881104 0.000000176668790 0.000000176467091
472000 0.000000176915254 0.000000176733051 0.000000177317797
473000 0.000000176587738 0.000000176945032 0.000000176002114
474000 0.000000176390295 0.000000175702532 0.000000175457806
475000 0.000000175618947 0.000000174764211 0.000000174646316
476000 0.000000175743697 0.000000173991597 0.000000173481092
477000 0.000000174371069 0.000000172599581 0.000000172863732
478000 0.000000174023013 0.000000172487448 0.000000172815900
479000 0.000000174538622 0.000000171521921 0.000000171087683
480000 0.000000171362500 0.000000172827083 0.000000170997917
481000 0.000000171143451 0.000000169869023 0.000000170642412
482000 0.000000171636929 0.000000169643154 0.000000169429461
483000 0.000000170354037 0.000000168039337 0.000000168440994
484000 0.000000168869835 0.000000168778926 0.000000169355372
485000 0.000000170086598 0.000000167969072 0.000000167593814
486000 0.000000167724280 0.000000166919753 0.000000166691358
487000 0.000000166958932 0.000000166209446 0.000000165995893
488000 0.000000166170082 0.000000165309426 0.000000165282787
489000 0.000000165752556 0.000000164730061 0.000000164670757
490000 0.000000164202041 0.000000163448980 0.000000164789796
491000 0.000000162947047 0.000000163894094 0.000000163456212
492000 0.000000163286585 0.000000162900407 0.000000162638211
493000 0.000000162606491 0.000000161977688 0.000000162085193
494000 0.000000161827935 0.000000161834008 0.000000161629555
495000 0.000000160965657 0.000000161082828 0.000000160848485
496000 0.000000160657258 0.000000159804435 0.000000160487903
497000 0.000000159362173 0.000000160221328 0.000000159414487
498000 0.000000160046185 0.000000158174699 0.000000158935743
499000 0.000000158547094 0.000000157621242 0.000000158629259
