1000 0.051397 0.051022 0.043331
2000 0.049915 0.049883 0.047728
3000 0.051811 0.051760 0.048286
4000 0.050405 0.050380 0.048382
5000 0.051415 0.051381 0.050068
6000 0.050431 0.050398 0.049072
7000 0.051170 0.051141 0.050238
8000 0.050511 0.050490 0.049248
9000 0.050101 0.050094 0.049453
10000 0.049811 0.049811 0.050441
11000 0.050800 0.050800 0.049222
12000 0.049594 0.049594 0.050288
13000 0.050226 0.050226 0.049775
14000 0.050997 0.050981 0.049791
15000 0.050053 0.050053 0.050104
16000 0.050213 0.050213 0.049684
17000 0.049910 0.049893 0.048983
18000 0.050326 0.050326 0.049519
19000 0.050432 0.050432 0.049429
20000 0.050216 0.050216 0.049710
21000 0.049671 0.049671 0.049920
22000 0.050719 0.050719 0.050488
23000 0.050089 0.050089 0.050285
24000 0.050007 0.050007 0.049739
25000 0.050451 0.050451 0.049909
26000 0.050397 0.050397 0.049848
27000 0.050337 0.050337 0.049888
28000 0.050315 0.050315 0.049154
29000 0.050485 0.050485 0.050026
30000 0.049914 0.049914 0.049533
31000 0.050246 0.050246 0.050188
32000 0.050171 0.050171 0.049989
33000 0.049914 0.049914 0.050001
34000 0.050145 0.050145 0.050127
35000 0.050223 0.050223 0.049979
36000 0.050071 0.050071 0.050159
37000 0.050144 0.050144 0.049628
38000 0.049364 0.049364 0.050063
39000 0.050536 0.050536 0.050466
40000 0.050031 0.050031 0.050347
41000 0.049856 0.049856 0.050618
42000 0.050065 0.050065 0.049812
43000 0.050024 0.050024 0.049888
44000 0.050649 0.050649 0.050017
45000 0.049978 0.049978 0.050074
46000 0.050125 0.050125 0.050273
47000 0.050632 0.050632 0.050072
48000 0.050342 0.050342 0.049945
49000 0.050327 0.050327 0.049784
50000 0.050419 0.050419 0.050599
51000 0.050253 0.050253 0.050208
52000 0.050175 0.050175 0.050634
53000 0.050175 0.050175 0.050269
54000 0.049952 0.049952 0.050084
55000 0.050453 0.050453 0.049761
56000 0.050185 0.050185 0.050111
57000 0.050298 0.050298 0.049633
58000 0.050376 0.050376 0.050437
59000 0.050742 0.050742 0.050193
60000 0.050220 0.050220 0.050141
61000 0.050432 0.050432 0.050223
62000 0.050141 0.050141 0.049950
63000 0.050039 0.050039 0.049765
64000 0.050330 0.050330 0.049806
65000 0.050493 0.050493 0.050205
66000 0.050416 0.050416 0.050167
67000 0.050146 0.050146 0.049945
68000 0.050052 0.050052 0.050099
69000 0.050049 0.050049 0.050335
70000 0.049934 0.049934 0.049820
71000 0.050776 0.050776 0.049820
72000 0.050435 0.050435 0.050653
73000 0.050145 0.050145 0.050695
74000 0.050201 0.050201 0.050285
75000 0.050219 0.050219 0.049938
76000 0.050293 0.050293 0.050636
77000 0.050150 0.050150 0.049805
78000 0.050752 0.050752 0.050258
79000 0.050331 0.050331 0.050369
80000 0.049784 0.049784 0.050297
81000 0.049842 0.049842 0.049629
82000 0.050388 0.050388 0.050141
83000 0.050811 0.050811 0.050602
84000 0.050168 0.050168 0.050730
85000 0.050225 0.050225 0.050163
86000 0.050251 0.050251 0.050403
87000 0.050564 0.050564 0.049998
88000 0.050465 0.050465 0.050177
89000 0.050116 0.050116 0.050040
90000 0.049771 0.049771 0.050641
91000 0.050925 0.050925 0.050229
92000 0.049850 0.049850 0.050301
93000 0.049947 0.049947 0.050338
94000 0.049830 0.049830 0.050363
95000 0.050065 0.050065 0.050501
96000 0.050530 0.050530 0.049668
97000 0.050498 0.050498 0.050146
98000 0.050382 0.050382 0.050343
99000 0.049656 0.049656 0.050469
100000 0.050556 0.050556 0.050020
101000 0.050294 0.050294 0.050316
102000 0.050124 0.050124 0.050449
103000 0.050303 0.050303 0.050133
104000 0.050227 0.050227 0.050000
105000 0.050465 0.050465 0.050534
106000 0.050683 0.050683 0.050451
107000 0.049974 0.049974 0.050315
108000 0.049758 0.049758 0.050178
109000 0.050011 0.050011 0.050717
110000 0.050292 0.050292 0.050212
111000 0.050217 0.050217 0.049760
112000 0.050630 0.050630 0.050363
113000 0.050539 0.050539 0.049720
114000 0.050722 0.050722 0.050464
115000 0.050045 0.050045 0.049988
116000 0.050040 0.050040 0.049863
117000 0.050593 0.050593 0.050135
118000 0.050424 0.050424 0.049983
119000 0.050384 0.050384 0.049754
120000 0.049872 0.049872 0.050042
121000 0.050213 0.050213 0.050788
122000 0.050220 0.050220 0.050698
123000 0.050669 0.050669 0.050309
124000 0.050022 0.050022 0.050261
125000 0.050323 0.050323 0.049893
126000 0.050492 0.050492 0.050463
127000 0.050238 0.050238 0.049820
128000 0.050622 0.050622 0.050155
129000 0.050635 0.050635 0.050513
130000 0.050323 0.050323 0.050155
131000 0.050180 0.050180 0.050101
132000 0.050442 0.050442 0.050119
133000 0.050501 0.050501 0.050178
134000 0.050314 0.050314 0.050022
135000 0.050409 0.050409 0.050383
136000 0.050604 0.050604 0.050089
137000 0.050231 0.050231 0.050644
138000 0.050316 0.050316 0.050611
139000 0.050427 0.050427 0.050630
140000 0.050053 0.050053 0.050999
141000 0.050598 0.050598 0.050193
142000 0.050862 0.050862 0.050388
143000 0.050348 0.050348 0.050152
144000 0.050424 0.050424 0.050123
145000 0.050080 0.050080 0.050185
146000 0.050637 0.050637 0.050487
147000 0.050492 0.050492 0.049965
148000 0.050505 0.050505 0.050690
149000 0.050489 0.050489 0.050340
150000 0.050302 0.050302 0.050312
151000 0.050473 0.050473 0.050263
152000 0.049578 0.049578 0.049700
153000 0.050608 0.050608 0.050125
154000 0.050090 0.050090 0.050283
155000 0.050176 0.050176 0.050676
156000 0.050050 0.050050 0.050377
157000 0.050413 0.050413 0.049962
158000 0.050052 0.050052 0.050423
159000 0.050353 0.050353 0.050162
160000 0.050082 0.050082 0.050052
161000 0.050502 0.050502 0.050752
162000 0.050857 0.050857 0.050337
163000 0.050315 0.050315 0.050351
164000 0.049877 0.049877 0.050280
165000 0.050044 0.050044 0.050140
166000 0.050193 0.050193 0.050388
167000 0.050118 0.050118 0.050534
168000 0.050123 0.050123 0.050016
169000 0.050060 0.050060 0.050468
170000 0.050278 0.050278 0.050301
171000 0.050388 0.050388 0.049965
172000 0.050471 0.050471 0.050133
173000 0.050449 0.050449 0.050106
174000 0.050672 0.050672 0.050766
175000 0.050102 0.050102 0.050199
176000 0.050649 0.050649 0.050085
177000 0.050310 0.050310 0.050016
178000 0.050380 0.050380 0.050245
179000 0.050351 0.050351 0.050849
180000 0.050032 0.050032 0.050482
181000 0.050492 0.050492 0.050336
182000 0.050262 0.050262 0.050062
183000 0.049993 0.049993 0.050569
184000 0.050342 0.050342 0.050319
185000 0.050652 0.050652 0.050021
186000 0.049896 0.049896 0.050608
187000 0.050176 0.050176 0.050573
188000 0.050102 0.050102 0.050345
189000 0.050444 0.050444 0.050329
190000 0.050243 0.050243 0.050464
191000 0.050464 0.050464 0.049630
192000 0.050368 0.050368 0.049918
193000 0.050330 0.050330 0.050222
194000 0.050388 0.050388 0.049813
195000 0.050499 0.050499 0.050132
196000 0.050371 0.050371 0.050005
197000 0.050132 0.050132 0.050275
198000 0.050353 0.050353 0.050248
199000 0.050201 0.050201 0.049955
200000 0.049981 0.049981 0.049790
201000 0.049949 0.049949 0.050021
202000 0.050566 0.050566 0.050284
203000 0.050261 0.050261 0.049881
204000 0.050183 0.050183 0.050721
205000 0.050216 0.050216 0.050304
206000 0.050118 0.050118 0.050690
207000 0.050267 0.050267 0.050575
208000 0.049946 0.049946 0.049819
209000 0.050154 0.050154 0.050399
210000 0.050257 0.050257 0.050061
211000 0.050053 0.050053 0.050293
212000 0.050118 0.050118 0.050409
213000 0.050165 0.050165 0.049774
214000 0.050146 0.050146 0.050163
215000 0.050020 0.050020 0.050571
216000 0.050503 0.050503 0.050207
217000 0.050033 0.050033 0.050547
218000 0.049839 0.049839 0.050624
219000 0.050538 0.050538 0.050019
220000 0.050281 0.050281 0.049924
221000 0.050325 0.050325 0.050096
222000 0.050278 0.050278 0.049685
223000 0.050035 0.050035 0.050417
224000 0.050521 0.050521 0.050332
225000 0.050449 0.050449 0.050455
226000 0.050364 0.050364 0.050006
227000 0.050084 0.050084 0.050415
228000 0.050549 0.050549 0.050219
229000 0.050105 0.050105 0.050709
230000 0.050152 0.050152 0.050132
231000 0.050873 0.050873 0.050611
232000 0.050585 0.050585 0.049936
233000 0.050151 0.050151 0.050179
234000 0.050333 0.050333 0.050480
235000 0.050307 0.050307 0.050017
236000 0.050732 0.050732 0.050096
237000 0.050511 0.050511 0.050528
238000 0.050186 0.050186 0.050021
239000 0.050150 0.050150 0.050185
240000 0.050011 0.050011 0.050683
241000 0.050115 0.050115 0.049888
242000 0.050154 0.050154 0.050417
243000 0.050151 0.050151 0.050446
244000 0.050087 0.050087 0.050443
245000 0.050299 0.050299 0.050151
246000 0.050259 0.050259 0.050289
247000 0.050118 0.050118 0.049908
248000 0.050358 0.050358 0.050156
249000 0.050202 0.050202 0.050368
250000 0.050027 0.050027 0.049989
251000 0.050569 0.050569 0.049730
252000 0.049846 0.049846 0.050678
253000 0.050074 0.050074 0.050382
254000 0.050209 0.050209 0.050513
255000 0.050538 0.050538 0.049734
256000 0.050973 0.050973 0.049680
257000 0.050614 0.050614 0.049918
258000 0.050026 0.050026 0.050540
259000 0.050498 0.050498 0.050729
260000 0.050072 0.050072 0.049966
261000 0.050379 0.050379 0.050112
262000 0.050141 0.050141 0.050092
263000 0.050563 0.050563 0.049991
264000 0.049939 0.049939 0.050106
265000 0.050646 0.050646 0.050048
266000 0.050514 0.050514 0.050018
267000 0.050310 0.050310 0.050408
268000 0.050671 0.050671 0.050500
269000 0.049971 0.049971 0.050122
270000 0.050248 0.050248 0.050105
271000 0.050385 0.050385 0.050254
272000 0.050595 0.050595 0.049974
273000 0.049893 0.049893 0.050516
274000 0.050382 0.050382 0.050344
275000 0.050211 0.050211 0.050137
276000 0.049816 0.049816 0.050454
277000 0.050239 0.050239 0.050069
278000 0.050247 0.050247 0.049979
279000 0.049759 0.049759 0.050635
280000 0.050112 0.050112 0.050021
281000 0.050242 0.050242 0.050387
282000 0.050632 0.050632 0.050265
283000 0.049881 0.049881 0.049492
284000 0.050237 0.050237 0.050207
285000 0.050192 0.050192 0.050516
286000 0.050115 0.050115 0.050398
287000 0.050693 0.050693 0.050299
288000 0.050340 0.050340 0.050416
289000 0.050499 0.050499 0.050578
290000 0.050528 0.050528 0.050151
291000 0.050312 0.050312 0.049893
292000 0.050319 0.050319 0.050477
293000 0.050209 0.050209 0.050081
294000 0.050390 0.050390 0.050503
295000 0.050277 0.050277 0.050496
296000 0.049878 0.049878 0.050216
297000 0.050330 0.050330 0.049462
298000 0.050352 0.050352 0.050212
299000 0.050679 0.050679 0.050408
300000 0.050353 0.050353 0.050479
301000 0.049793 0.049793 0.050519
302000 0.050494 0.050494 0.050436
303000 0.050330 0.050330 0.049828
304000 0.050869 0.050869 0.050628
305000 0.050610 0.050610 0.050180
306000 0.049862 0.049862 0.051151
307000 0.050541 0.050541 0.050423
308000 0.049506 0.049506 0.049981
309000 0.050562 0.050562 0.049931
310000 0.050371 0.050371 0.050261
311000 0.050125 0.050125 0.049839
312000 0.050158 0.050158 0.050228
313000 0.050357 0.050357 0.049840
314000 0.050469 0.050469 0.049834
315000 0.050596 0.050596 0.050520
316000 0.050173 0.050173 0.050314
317000 0.049810 0.049810 0.050063
318000 0.050345 0.050345 0.050104
319000 0.050445 0.050445 0.050675
320000 0.050426 0.050426 0.050091
321000 0.050056 0.050056 0.050297
322000 0.050299 0.050299 0.050240
323000 0.049177 0.049177 0.050381
324000 0.050453 0.050453 0.049991
325000 0.049741 0.049741 0.050087
326000 0.050071 0.050071 0.050030
327000 0.050152 0.050152 0.049783
328000 0.050472 0.050472 0.050481
329000 0.050356 0.050356 0.049674
330000 0.050260 0.050260 0.050255
331000 0.050683 0.050683 0.050308
332000 0.050825 0.050825 0.050262
333000 0.049856 0.049856 0.050435
334000 0.049841 0.049841 0.050089
335000 0.050786 0.050786 0.050117
336000 0.049932 0.049932 0.050505
337000 0.050400 0.050400 0.050371
338000 0.050459 0.050459 0.050054
339000 0.050581 0.050581 0.050576
340000 0.050288 0.050288 0.050267
341000 0.050473 0.050473 0.050199
342000 0.050384 0.050384 0.050160
343000 0.050285 0.050285 0.050167
344000 0.050806 0.050806 0.050579
345000 0.050211 0.050211 0.050780
346000 0.049735 0.049735 0.050498
347000 0.050106 0.050106 0.049789
348000 0.049891 0.049891 0.050160
349000 0.049836 0.049836 0.050412
350000 0.050189 0.050189 0.049680
351000 0.050542 0.050542 0.050173
352000 0.050628 0.050628 0.050269
353000 0.050153 0.050153 0.049867
354000 0.050170 0.050170 0.050012
355000 0.050608 0.050608 0.050234
356000 0.050539 0.050539 0.050202
357000 0.050392 0.050392 0.050185
358000 0.050002 0.050002 0.050025
359000 0.050181 0.050181 0.050894
360000 0.050581 0.050581 0.050302
361000 0.050709 0.050709 0.049801
362000 0.050273 0.050273 0.050621
363000 0.050210 0.050210 0.050100
364000 0.050214 0.050214 0.050195
365000 0.049630 0.049630 0.049973
366000 0.050446 0.050446 0.050300
367000 0.050324 0.050324 0.050302
368000 0.050301 0.050301 0.050191
369000 0.050390 0.050390 0.050049
370000 0.050440 0.050440 0.049970
371000 0.049865 0.049865 0.050078
372000 0.050315 0.050315 0.050139
373000 0.049815 0.049815 0.049987
374000 0.049947 0.049947 0.049960
375000 0.050197 0.050197 0.050054
376000 0.050643 0.050643 0.050188
377000 0.050430 0.050430 0.050645
378000 0.050328 0.050328 0.050040
379000 0.049948 0.049948 0.050180
380000 0.050140 0.050140 0.050058
381000 0.050599 0.050599 0.050249
382000 0.050063 0.050063 0.050206
383000 0.050310 0.050310 0.050102
384000 0.050140 0.050140 0.050391
385000 0.050870 0.050870 0.050561
386000 0.050228 0.050228 0.049845
387000 0.049969 0.049969 0.050799
388000 0.050379 0.050379 0.050092
389000 0.050105 0.050105 0.050121
390000 0.050692 0.050692 0.050505
391000 0.050594 0.050594 0.049622
392000 0.050423 0.050423 0.050421
393000 0.050590 0.050590 0.049929
394000 0.050271 0.050271 0.050238
395000 0.050241 0.050241 0.050188
396000 0.049694 0.049694 0.049921
397000 0.049967 0.049967 0.050463
398000 0.050065 0.050065 0.049713
399000 0.050295 0.050295 0.050008
400000 0.050248 0.050248 0.049933
401000 0.050265 0.050265 0.050285
402000 0.050388 0.050388 0.050734
403000 0.050233 0.050233 0.050514
404000 0.049963 0.049963 0.050399
405000 0.050145 0.050145 0.050798
406000 0.050064 0.050064 0.050510
407000 0.050492 0.050492 0.050331
408000 0.050024 0.050024 0.050757
409000 0.050237 0.050237 0.050575
410000 0.049985 0.049985 0.050175
411000 0.050835 0.050835 0.050363
412000 0.050485 0.050485 0.050211
413000 0.050104 0.050104 0.050380
414000 0.050756 0.050756 0.050365
415000 0.050586 0.050586 0.050566
416000 0.050493 0.050493 0.050021
417000 0.049998 0.049998 0.050569
418000 0.050899 0.050899 0.049881
419000 0.049718 0.049718 0.050680
420000 0.049978 0.049978 0.049988
421000 0.050012 0.050012 0.050378
422000 0.050202 0.050202 0.049820
423000 0.050549 0.050549 0.049856
424000 0.050276 0.050276 0.050580
425000 0.050652 0.050652 0.049795
426000 0.050672 0.050672 0.049803
427000 0.050113 0.050113 0.050246
428000 0.050143 0.050143 0.050713
429000 0.049974 0.049974 0.050338
430000 0.050418 0.050418 0.050118
431000 0.050810 0.050810 0.050002
432000 0.050461 0.050461 0.050357
433000 0.050183 0.050183 0.050115
434000 0.050263 0.050263 0.049940
435000 0.050223 0.050223 0.050219
436000 0.050262 0.050262 0.049927
437000 0.050510 0.050510 0.049918
438000 0.049744 0.049744 0.049991
439000 0.050478 0.050478 0.050408
440000 0.050627 0.050627 0.050438
441000 0.050973 0.050973 0.050549
442000 0.050294 0.050294 0.050789
443000 0.050230 0.050230 0.050138
444000 0.049876 0.049876 0.050279
445000 0.050121 0.050121 0.050108
446000 0.050372 0.050372 0.050255
447000 0.049969 0.049969 0.050101
448000 0.049719 0.049719 0.050072
449000 0.050309 0.050309 0.050595
450000 0.050620 0.050620 0.050247
451000 0.050153 0.050153 0.049960
452000 0.049932 0.049932 0.050509
453000 0.050298 0.050298 0.049899
454000 0.050850 0.050850 0.050518
455000 0.050426 0.050426 0.050618
456000 0.050018 0.050018 0.050083
457000 0.050249 0.050249 0.050578
458000 0.049886 0.049886 0.050731
459000 0.050181 0.050181 0.050100
460000 0.050235 0.050235 0.049735
461000 0.050095 0.050095 0.050124
462000 0.050257 0.050257 0.050006
463000 0.049855 0.049855 0.050337
464000 0.050511 0.050511 0.050631
465000 0.050271 0.050271 0.050153
466000 0.050530 0.050530 0.050118
467000 0.050713 0.050713 0.050319
468000 0.050353 0.050353 0.050036
469000 0.050190 0.050190 0.050009
470000 0.050434 0.050434 0.050281
471000 0.050189 0.050189 0.049972
472000 0.050195 0.050195 0.050311
473000 0.050233 0.050233 0.051083
474000 0.049548 0.049548 0.050274
475000 0.050120 0.050120 0.050290
476000 0.049534 0.049534 0.050248
477000 0.050392 0.050392 0.050164
478000 0.050331 0.050331 0.050891
479000 0.049981 0.049981 0.050607
480000 0.050058 0.050058 0.050310
481000 0.050306 0.050306 0.050397
482000 0.050508 0.050508 0.049685
483000 0.050580 0.050580 0.049896
484000 0.050169 0.050169 0.049921
485000 0.049672 0.049672 0.050441
486000 0.050424 0.050424 0.050218
487000 0.049949 0.049949 0.050318
488000 0.049885 0.049885 0.050359
489000 0.049988 0.049988 0.049932
490000 0.050369 0.050369 0.049990
491000 0.050886 0.050886 0.050574
492000 0.050687 0.050687 0.050583
493000 0.049649 0.049649 0.050432
494000 0.049765 0.049765 0.050403
495000 0.050331 0.050331 0.050469
496000 0.049827 0.049827 0.049812
497000 0.050660 0.050660 0.050278
498000 0.050349 0.050349 0.050711
499000 0.050481 0.050481 0.050417
