310;0.002000;8
510;0.020000;8
910;0.020000;8
1310;0.001000;8
1510;0.002000;8
1610;0.002000;8
1710;0.020000;8
1810;0.002000;8
1910;0.050000;8
1910;0.020000;8
2210;0.001000;8
2410;0.005000;8
2510;0.050000;8
2510;0.010000;8
2810;0.020000;8
3010;0.020000;8
3010;0.001000;8
3210;0.005000;8
3310;0.002000;8
3310;0.001000;8
3410;0.010000;8
3410;0.005000;8
3410;0.001000;8
3510;0.001000;8
3610;0.020000;8
3610;0.005000;8
3610;0.002000;8
3710;0.020000;8
3710;0.005000;8
3710;0.001000;8
3910;0.050000;8
3910;0.005000;8
3910;0.002000;8
3910;0.001000;8
4110;0.002000;8
4210;0.020000;8
4210;0.010000;8
4710;0.010000;8
4810;0.020000;8
4910;0.010000;8
5010;0.020000;8
5010;0.002000;8
5110;0.020000;8
5110;0.005000;8
5310;0.005000;8
5310;0.001000;8
5410;0.002000;8
5610;0.005000;8
5610;0.002000;8
5610;0.001000;8
5710;0.005000;8
5710;0.001000;8
5810;0.020000;8
5910;0.050000;8
5910;0.002000;8
6010;0.010000;8
6010;0.005000;8
6010;0.002000;8
6110;0.020000;8
6110;0.005000;8
6310;0.002000;8
6310;0.001000;8
6410;0.050000;8
6410;0.002000;8
6410;0.001000;8
6510;0.050000;8
6510;0.002000;8
6510;0.001000;8
6610;0.020000;8
6610;0.010000;8
6610;0.002000;8
6610;0.001000;8
6710;0.005000;8
6810;0.020000;8
6810;0.010000;8
6810;0.001000;8
6910;0.020000;8
6910;0.002000;8
6910;0.001000;8
7010;0.005000;8
7010;0.002000;8
7010;0.001000;8
7110;0.050000;8
7210;0.005000;8
7210;0.002000;8
7210;0.001000;8
7310;0.005000;8
7510;0.050000;8
7510;0.010000;8
7610;0.002000;8
7710;0.002000;8
7810;0.010000;8
7810;0.002000;8
7810;0.001000;8
7910;0.005000;8
7910;0.001000;8
8010;0.010000;8
8110;0.001000;8
8210;0.020000;8
8210;0.010000;8
8210;0.005000;8
8210;0.002000;8
8310;0.005000;8
8410;0.050000;8
8410;0.001000;8
8510;0.050000;8
8510;0.005000;8
8510;0.002000;8
8610;0.050000;8
8610;0.001000;8
8810;0.001000;8
8910;0.020000;8
8910;0.010000;8
8910;0.005000;8
9010;0.010000;8
9010;0.001000;8
9110;0.050000;8
9110;0.010000;8
9110;0.001000;8
9210;0.020000;8
9310;0.010000;8
9310;0.005000;8
9410;0.005000;8
9410;0.001000;8
9510;0.005000;8
9710;0.020000;8
9710;0.010000;8
9710;0.005000;8
9810;0.050000;8
9810;0.005000;8
9910;0.002000;8
9910;0.001000;8
10010;0.010000;8
10010;0.005000;8
10010;0.002000;8
10110;0.001000;8
10210;0.005000;8
10310;0.050000;8
10310;0.005000;8
10310;0.002000;8
10410;0.010000;8
10410;0.002000;8
10510;0.005000;8
10510;0.001000;8
10610;0.002000;8
10610;0.001000;8
10710;0.050000;8
10710;0.005000;8
10810;0.050000;8
10910;0.001000;8
11010;0.020000;8
11010;0.010000;8
11010;0.005000;8
11010;0.002000;8
11110;0.010000;8
11210;0.002000;8
11310;0.010000;8
11310;0.002000;8
11410;0.005000;8
11510;0.020000;8
11510;0.002000;8
11610;0.010000;8
11610;0.005000;8
11610;0.002000;8
11710;0.050000;8
11710;0.010000;8
11710;0.005000;8
11710;0.001000;8
11810;0.050000;8
11810;0.005000;8
11910;0.005000;8
12010;0.005000;8
12110;0.020000;8
12110;0.002000;8
12110;0.001000;8
12210;0.002000;8
12210;0.001000;8
12310;0.050000;8
12310;0.020000;8
12310;0.010000;8
12310;0.001000;8
12410;0.020000;8
12410;0.002000;8
12410;0.001000;8
12610;0.050000;8
12610;0.020000;8
12710;0.002000;8
12810;0.010000;8
12810;0.001000;8
12910;0.020000;8
12910;0.005000;8
12910;0.002000;8
13010;0.010000;8
13010;0.002000;8
13110;0.050000;8
13110;0.005000;8
13110;0.002000;8
13110;0.001000;8
13210;0.020000;8
13210;0.002000;8
13210;0.001000;8
13410;0.002000;8
13410;0.001000;8
13510;0.020000;8
13510;0.010000;8
13510;0.005000;8
13610;0.001000;8
13710;0.050000;8
13710;0.005000;8
13810;0.050000;8
13910;0.005000;8
13910;0.001000;8
14010;0.020000;8
14010;0.005000;8
14010;0.002000;8
14010;0.001000;8
14110;0.005000;8
14110;0.002000;8
14210;0.020000;8
14210;0.002000;8
14210;0.001000;8
14410;0.050000;8
14410;0.002000;8
14410;0.001000;8
14510;0.050000;8
14510;0.002000;8
14610;0.050000;8
14710;0.010000;8
14710;0.002000;8
14710;0.001000;8
14810;0.050000;8
14810;0.020000;8
14810;0.005000;8
14810;0.002000;8
14910;0.050000;8
14910;0.020000;8
14910;0.001000;8
15010;0.001000;8
15110;0.005000;8
15110;0.001000;8
15210;0.020000;8
15210;0.001000;8
15310;0.005000;8
15310;0.002000;8
15310;0.001000;8
15410;0.050000;8
15410;0.002000;8
15410;0.001000;8
15510;0.020000;8
15510;0.005000;8
15610;0.050000;8
15610;0.020000;8
15610;0.001000;8
15710;0.020000;8
15710;0.005000;8
15810;0.002000;8
15910;0.050000;8
15910;0.010000;8
16010;0.010000;8
16010;0.005000;8
16010;0.001000;8
16110;0.050000;8
16110;0.010000;8
16110;0.001000;8
16210;0.010000;8
16210;0.001000;8
16310;0.020000;8
16410;0.010000;8
16510;0.050000;8
16510;0.005000;8
16510;0.002000;8
16510;0.001000;8
16610;0.050000;8
16710;0.050000;8
16710;0.010000;8
16810;0.020000;8
16810;0.005000;8
16910;0.001000;8
17010;0.050000;8
17010;0.010000;8
17010;0.001000;8
17110;0.002000;8
17210;0.020000;8
17210;0.005000;8
17210;0.002000;8
17210;0.001000;8
17310;0.020000;8
17410;0.050000;8
17410;0.002000;8
17410;0.001000;8
17510;0.050000;8
17510;0.020000;8
17510;0.005000;8
17510;0.001000;8
17610;0.010000;8
17610;0.001000;8
17710;0.050000;8
17710;0.002000;8
17710;0.001000;8
17810;0.020000;8
17810;0.010000;8
17810;0.002000;8
17910;0.020000;8
17910;0.005000;8
17910;0.001000;8
18010;0.020000;8
18110;0.005000;8
18110;0.002000;8
18210;0.050000;8
18210;0.010000;8
18210;0.002000;8
18310;0.010000;8
18310;0.005000;8
18310;0.002000;8
18310;0.001000;8
18410;0.050000;8
18410;0.020000;8
18410;0.010000;8
18410;0.005000;8
18410;0.002000;8
18510;0.050000;8
18510;0.001000;8
18610;0.010000;8
18710;0.010000;8
18710;0.005000;8
18710;0.002000;8
18810;0.050000;8
18810;0.005000;8
18810;0.002000;8
18810;0.001000;8
18910;0.005000;8
18910;0.001000;8
19010;0.010000;8
19110;0.002000;8
19210;0.050000;8
19210;0.010000;8
19210;0.005000;8
19310;0.020000;8
19310;0.010000;8
19310;0.001000;8
19410;0.020000;8
19410;0.005000;8
19410;0.001000;8
19510;0.010000;8
19510;0.002000;8
19610;0.050000;8
19610;0.020000;8
19710;0.010000;8
19710;0.005000;8
19710;0.002000;8
19810;0.010000;8
19810;0.005000;8
19810;0.001000;8
19910;0.020000;8
19910;0.005000;8
19910;0.002000;8
20010;0.005000;8
20010;0.002000;8
20010;0.001000;8
20110;0.020000;8
20110;0.005000;8
20110;0.001000;8
20210;0.020000;8
20210;0.002000;8
20310;0.020000;8
20310;0.005000;8
20310;0.001000;8
20410;0.020000;8
20410;0.010000;8
20510;0.020000;8
20510;0.010000;8
20510;0.005000;8
20510;0.001000;8
20610;0.020000;8
20610;0.010000;8
20610;0.001000;8
20710;0.050000;8
20710;0.010000;8
20710;0.005000;8
20710;0.002000;8
20710;0.001000;8
20810;0.010000;8
20810;0.005000;8
20910;0.050000;8
20910;0.002000;8
20910;0.001000;8
21010;0.010000;8
21010;0.002000;8
21010;0.001000;8
21110;0.002000;8
21110;0.001000;8
21210;0.020000;8
21210;0.002000;8
21210;0.001000;8
21310;0.002000;8
21410;0.010000;8
21410;0.002000;8
21510;0.002000;8
21610;0.020000;8
21610;0.005000;8
21710;0.050000;8
21710;0.001000;8
21810;0.020000;8
21810;0.005000;8
21910;0.050000;8
21910;0.020000;8
22010;0.005000;8
22010;0.002000;8
22010;0.001000;8
22110;0.001000;8
22210;0.002000;8
22210;0.001000;8
22310;0.050000;8
22310;0.005000;8
22310;0.002000;8
22410;0.005000;8
22410;0.002000;8
22410;0.001000;8
22610;0.050000;8
22610;0.001000;8
22810;0.050000;8
22810;0.002000;8
22810;0.001000;8
22910;0.020000;8
22910;0.010000;8
22910;0.001000;8
23010;0.020000;8
23010;0.002000;8
23010;0.001000;8
23110;0.050000;8
23110;0.020000;8
23110;0.010000;8
23110;0.005000;8
23210;0.002000;8
23210;0.001000;8
23410;0.005000;8
23410;0.001000;8
23510;0.002000;8
23610;0.050000;8
23610;0.010000;8
23610;0.002000;8
23710;0.050000;8
23810;0.005000;8
23810;0.002000;8
23910;0.002000;8
23910;0.001000;8
24010;0.050000;8
24010;0.005000;8
24010;0.001000;8
24110;0.020000;8
24110;0.001000;8
24210;0.002000;8
24310;0.001000;8
24410;0.050000;8
24410;0.010000;8
24410;0.001000;8
24510;0.050000;8
24510;0.005000;8
24610;0.050000;8
24610;0.020000;8
24610;0.010000;8
24610;0.005000;8
24610;0.002000;8
24610;0.001000;8
24710;0.020000;8
24710;0.010000;8
24710;0.001000;8
24810;0.020000;8
24910;0.010000;8
24910;0.005000;8
24910;0.002000;8
25010;0.005000;8
25010;0.002000;8
25010;0.001000;8
25110;0.005000;8
25110;0.002000;8
25210;0.020000;8
25210;0.005000;8
25310;0.050000;8
25310;0.010000;8
25310;0.002000;8
25410;0.005000;8
25410;0.002000;8
25510;0.002000;8
25510;0.001000;8
25610;0.001000;8
25710;0.050000;8
25710;0.020000;8
25710;0.010000;8
25710;0.005000;8
25710;0.002000;8
25810;0.050000;8
25810;0.002000;8
25810;0.001000;8
25910;0.001000;8
26010;0.050000;8
26010;0.020000;8
26010;0.005000;8
26110;0.050000;8
26110;0.010000;8
26110;0.005000;8
26110;0.002000;8
26110;0.001000;8
26310;0.050000;8
26310;0.005000;8
26310;0.001000;8
26410;0.010000;8
26410;0.001000;8
26510;0.020000;8
26510;0.010000;8
26510;0.005000;8
26510;0.002000;8
26610;0.020000;8
26610;0.010000;8
26610;0.002000;8
26610;0.001000;8
26710;0.050000;8
26710;0.020000;8
26810;0.010000;8
26810;0.005000;8
26810;0.001000;8
26910;0.020000;8
26910;0.002000;8
27010;0.005000;8
27010;0.001000;8
27110;0.020000;8
27110;0.001000;8
27210;0.020000;8
27310;0.050000;8
27310;0.020000;8
27310;0.010000;8
27310;0.002000;8
27310;0.001000;8
27410;0.020000;8
27410;0.005000;8
27410;0.002000;8
27410;0.001000;8
27510;0.005000;8
27610;0.020000;8
27610;0.002000;8
27710;0.010000;8
27710;0.002000;8
27710;0.001000;8
27810;0.001000;8
27910;0.001000;8
28010;0.020000;8
28110;0.050000;8
28210;0.010000;8
28210;0.005000;8
28210;0.001000;8
28310;0.050000;8
28310;0.020000;8
28310;0.010000;8
28310;0.005000;8
28410;0.010000;8
28410;0.005000;8
28410;0.002000;8
28510;0.020000;8
28510;0.002000;8
28510;0.001000;8
28610;0.001000;8
28710;0.050000;8
28710;0.001000;8
28810;0.020000;8
28810;0.010000;8
28810;0.005000;8
28810;0.002000;8
28810;0.001000;8
28910;0.050000;8
28910;0.010000;8
28910;0.005000;8
28910;0.002000;8
28910;0.001000;8
29010;0.020000;8
29010;0.002000;8
29110;0.050000;8
29110;0.002000;8
29110;0.001000;8
29210;0.010000;8
29210;0.002000;8
29310;0.010000;8
29310;0.002000;8
29510;0.020000;8
29510;0.005000;8
29510;0.001000;8
29610;0.020000;8
29610;0.002000;8
29710;0.010000;8
29710;0.002000;8
29710;0.001000;8
29810;0.050000;8
29810;0.005000;8
29810;0.001000;8
29910;0.020000;8
29910;0.001000;8
30210;0.020000;8
30210;0.002000;8
30210;0.001000;8
30310;0.050000;8
30310;0.020000;8
30310;0.005000;8
30410;0.050000;8
30410;0.001000;8
30510;0.005000;8
30510;0.002000;8
30610;0.020000;8
30610;0.005000;8
30610;0.002000;8
30610;0.001000;8
30710;0.010000;8
30810;0.010000;8
30810;0.005000;8
30810;0.002000;8
30910;0.020000;8
30910;0.010000;8
31010;0.050000;8
31010;0.020000;8
31010;0.010000;8
31010;0.005000;8
31010;0.002000;8
31010;0.001000;8
31110;0.050000;8
31110;0.010000;8
31110;0.005000;8
31110;0.002000;8
31210;0.020000;8
31210;0.010000;8
31210;0.005000;8
31210;0.001000;8
31310;0.050000;8
31310;0.020000;8
31410;0.010000;8
31410;0.002000;8
31510;0.005000;8
31510;0.002000;8
31610;0.050000;8
31710;0.010000;8
31710;0.005000;8
31810;0.020000;8
31810;0.005000;8
31810;0.002000;8
31910;0.050000;8
31910;0.002000;8
31910;0.001000;8
32010;0.020000;8
32010;0.005000;8
32010;0.001000;8
32110;0.050000;8
32110;0.010000;8
32110;0.005000;8
32210;0.020000;8
32210;0.010000;8
32310;0.050000;8
32310;0.010000;8
32310;0.005000;8
32410;0.050000;8
32410;0.020000;8
32410;0.002000;8
32610;0.020000;8
32610;0.010000;8
32610;0.002000;8
32610;0.001000;8
32710;0.020000;8
32710;0.005000;8
32710;0.002000;8
32710;0.001000;8
32810;0.050000;8
32810;0.002000;8
32810;0.001000;8
32910;0.050000;8
32910;0.005000;8
32910;0.001000;8
33010;0.020000;8
33010;0.010000;8
33010;0.002000;8
33110;0.020000;8
33210;0.020000;8
33210;0.005000;8
33210;0.001000;8
33310;0.020000;8
33310;0.010000;8
33310;0.005000;8
33310;0.002000;8
33310;0.001000;8
33410;0.002000;8
33510;0.010000;8
33510;0.002000;8
33510;0.001000;8
33710;0.020000;8
33710;0.005000;8
33710;0.002000;8
33810;0.050000;8
33810;0.020000;8
33810;0.005000;8
33810;0.001000;8
33910;0.050000;8
33910;0.005000;8
33910;0.001000;8
34110;0.002000;8
34210;0.010000;8
34210;0.005000;8
34310;0.005000;8
34310;0.002000;8
34410;0.010000;8
34510;0.005000;8
34510;0.001000;8
34610;0.050000;8
34610;0.010000;8
34710;0.050000;8
34710;0.020000;8
34710;0.002000;8
34810;0.050000;8
34810;0.010000;8
34810;0.005000;8
34810;0.002000;8
34810;0.001000;8
34910;0.010000;8
35010;0.020000;8
35010;0.010000;8
35010;0.005000;8
35010;0.001000;8
35110;0.002000;8
35210;0.050000;8
35210;0.020000;8
35210;0.010000;8
35210;0.005000;8
35210;0.001000;8
35310;0.050000;8
35310;0.020000;8
35310;0.001000;8
35410;0.010000;8
35410;0.002000;8
35410;0.001000;8
35510;0.050000;8
35610;0.010000;8
35610;0.001000;8
35710;0.002000;8
35810;0.005000;8
35810;0.001000;8
35910;0.050000;8
35910;0.010000;8
35910;0.005000;8
35910;0.002000;8
36010;0.005000;8
36010;0.002000;8
36110;0.050000;8
36110;0.001000;8
36210;0.050000;8
36210;0.020000;8
36210;0.010000;8
36310;0.050000;8
36310;0.020000;8
36310;0.001000;8
36410;0.050000;8
36410;0.005000;8
36510;0.050000;8
36510;0.010000;8
36510;0.002000;8
36610;0.050000;8
36610;0.001000;8
36710;0.005000;8
36710;0.001000;8
36810;0.020000;8
36810;0.010000;8
36810;0.005000;8
36810;0.002000;8
36910;0.050000;8
36910;0.020000;8
36910;0.010000;8
36910;0.005000;8
36910;0.002000;8
37010;0.050000;8
37110;0.020000;8
37110;0.010000;8
37110;0.005000;8
37210;0.001000;8
37310;0.050000;8
37310;0.020000;8
37310;0.001000;8
37410;0.050000;8
37410;0.020000;8
37410;0.002000;8
37410;0.001000;8
37510;0.050000;8
37510;0.020000;8
37510;0.005000;8
37510;0.002000;8
37610;0.050000;8
37610;0.010000;8
37610;0.002000;8
37710;0.050000;8
37710;0.020000;8
37710;0.010000;8
37710;0.005000;8
37710;0.001000;8
37810;0.001000;8
37910;0.020000;8
37910;0.005000;8
37910;0.002000;8
37910;0.001000;8
38010;0.020000;8
38010;0.010000;8
38010;0.002000;8
38010;0.001000;8
38110;0.050000;8
38110;0.002000;8
38210;0.050000;8
38210;0.010000;8
38210;0.002000;8
38210;0.001000;8
38310;0.050000;8
38310;0.020000;8
38410;0.010000;8
38410;0.001000;8
38510;0.010000;8
38510;0.002000;8
38610;0.020000;8
38610;0.005000;8
38610;0.002000;8
38710;0.020000;8
38810;0.050000;8
38810;0.010000;8
38810;0.001000;8
38910;0.020000;8
38910;0.010000;8
38910;0.001000;8
39010;0.005000;8
39010;0.002000;8
39010;0.001000;8
39110;0.005000;8
39210;0.050000;8
39210;0.020000;8
39210;0.001000;8
39310;0.001000;8
39410;0.020000;8
39410;0.002000;8
39410;0.001000;8
39510;0.050000;8
39510;0.010000;8
39510;0.005000;8
39610;0.005000;8
39610;0.002000;8
39610;0.001000;8
39710;0.050000;8
39710;0.010000;8
39710;0.002000;8
39810;0.050000;8
39810;0.020000;8
39810;0.005000;8
39810;0.001000;8
39910;0.005000;8
39910;0.001000;8
40010;0.010000;8
40010;0.001000;8
40110;0.050000;8
40110;0.010000;8
40110;0.005000;8
40110;0.002000;8
40110;0.001000;8
40210;0.050000;8
40310;0.010000;8
40310;0.005000;8
40310;0.002000;8
40310;0.001000;8
40410;0.010000;8
40410;0.002000;8
40410;0.001000;8
40510;0.050000;8
40510;0.005000;8
40610;0.010000;8
40610;0.001000;8
40710;0.050000;8
40710;0.001000;8
40810;0.050000;8
40910;0.050000;8
40910;0.005000;8
40910;0.001000;8
41010;0.002000;8
41110;0.002000;8
41110;0.001000;8
41210;0.020000;8
41210;0.005000;8
41210;0.002000;8
41210;0.001000;8
41310;0.010000;8
41310;0.005000;8
41310;0.002000;8
41410;0.010000;8
41510;0.050000;8
41510;0.005000;8
41610;0.050000;8
41610;0.005000;8
41710;0.010000;8
41710;0.005000;8
41710;0.001000;8
41810;0.010000;8
41810;0.002000;8
41810;0.001000;8
41910;0.020000;8
42010;0.010000;8
42010;0.002000;8
42010;0.001000;8
42110;0.020000;8
42110;0.010000;8
42110;0.001000;8
42210;0.020000;8
42210;0.002000;8
42210;0.001000;8
42310;0.050000;8
42310;0.001000;8
42410;0.020000;8
42410;0.010000;8
42510;0.010000;8
42610;0.050000;8
42610;0.005000;8
42710;0.050000;8
42710;0.005000;8
42710;0.002000;8
42910;0.010000;8
43010;0.001000;8
43110;0.050000;8
43110;0.005000;8
43110;0.002000;8
43210;0.050000;8
43210;0.020000;8
43210;0.010000;8
43210;0.005000;8
43210;0.002000;8
43310;0.010000;8
43310;0.005000;8
43310;0.002000;8
43310;0.001000;8
43410;0.010000;8
43410;0.005000;8
43410;0.002000;8
43510;0.005000;8
43510;0.002000;8
43610;0.050000;8
43610;0.010000;8
43610;0.005000;8
43610;0.002000;8
43710;0.005000;8
43810;0.050000;8
43810;0.010000;8
43810;0.002000;8
43910;0.010000;8
43910;0.005000;8
43910;0.002000;8
44010;0.020000;8
44010;0.005000;8
44010;0.002000;8
44010;0.001000;8
44110;0.020000;8
44110;0.005000;8
44110;0.001000;8
44210;0.050000;8
44210;0.005000;8
44210;0.002000;8
44310;0.050000;8
44310;0.002000;8
44310;0.001000;8
44410;0.050000;8
44410;0.020000;8
44410;0.010000;8
44410;0.005000;8
44610;0.050000;8
44610;0.010000;8
44710;0.050000;8
44710;0.002000;8
44710;0.001000;8
44810;0.001000;8
44910;0.050000;8
44910;0.020000;8
44910;0.002000;8
44910;0.001000;8
45010;0.050000;8
45010;0.020000;8
45010;0.005000;8
45010;0.002000;8
45110;0.020000;8
45110;0.002000;8
45110;0.001000;8
45210;0.010000;8
45210;0.005000;8
45210;0.002000;8
45310;0.010000;8
45310;0.002000;8
45410;0.010000;8
45410;0.005000;8
45510;0.050000;8
45510;0.010000;8
45510;0.001000;8
45610;0.010000;8
45610;0.002000;8
45710;0.005000;8
45810;0.050000;8
45810;0.005000;8
45810;0.001000;8
45910;0.050000;8
46010;0.050000;8
46010;0.020000;8
46010;0.005000;8
46010;0.002000;8
46010;0.001000;8
46110;0.001000;8
46210;0.050000;8
46210;0.010000;8
46310;0.050000;8
46310;0.010000;8
46310;0.001000;8
46410;0.010000;8
46410;0.005000;8
46410;0.001000;8
46510;0.050000;8
46510;0.005000;8
46510;0.002000;8
46610;0.020000;8
46610;0.010000;8
46610;0.005000;8
46610;0.002000;8
46610;0.001000;8
46710;0.005000;8
46710;0.002000;8
46810;0.020000;8
46810;0.010000;8
46810;0.002000;8
46810;0.001000;8
46910;0.050000;8
46910;0.020000;8
46910;0.010000;8
46910;0.005000;8
46910;0.002000;8
46910;0.001000;8
47010;0.005000;8
47010;0.002000;8
47110;0.050000;8
47110;0.020000;8
47110;0.010000;8
47110;0.005000;8
47110;0.002000;8
47210;0.020000;8
47210;0.010000;8
47310;0.002000;8
47310;0.001000;8
47410;0.050000;8
47410;0.005000;8
47510;0.020000;8
47510;0.001000;8
47610;0.010000;8
47610;0.005000;8
47610;0.001000;8
47710;0.010000;8
47810;0.005000;8
47910;0.010000;8
47910;0.005000;8
48010;0.020000;8
48010;0.005000;8
48110;0.020000;8
48110;0.002000;8
48110;0.001000;8
48210;0.020000;8
48210;0.002000;8
48210;0.001000;8
48310;0.050000;8
48310;0.005000;8
48310;0.002000;8
48310;0.001000;8
48410;0.010000;8
48410;0.001000;8
48510;0.050000;8
48510;0.010000;8
48510;0.005000;8
48510;0.002000;8
48510;0.001000;8
48610;0.001000;8
48710;0.020000;8
48710;0.010000;8
48710;0.005000;8
48710;0.002000;8
48810;0.020000;8
48810;0.010000;8
48810;0.002000;8
48910;0.050000;8
48910;0.020000;8
49010;0.010000;8
49210;0.050000;8
49210;0.020000;8
49210;0.010000;8
49310;0.050000;8
49310;0.005000;8
49310;0.001000;8
49410;0.050000;8
49410;0.020000;8
49410;0.001000;8
49510;0.005000;8
49610;0.005000;8
49710;0.020000;8
49710;0.010000;8
49710;0.005000;8
49710;0.001000;8
49810;0.010000;8
49810;0.005000;8
49810;0.001000;8
49910;0.010000;8
49910;0.005000;8
49910;0.002000;8
49910;0.001000;8
50010;0.020000;8
50010;0.010000;8
50010;0.005000;8
50010;0.001000;8
50110;0.005000;8
50110;0.001000;8
50210;0.050000;8
50210;0.010000;8
50310;0.050000;8
50310;0.020000;8
50310;0.002000;8
50410;0.001000;8
50510;0.005000;8
50510;0.002000;8
50610;0.050000;8
50610;0.020000;8
50610;0.005000;8
50710;0.010000;8
50810;0.050000;8
50810;0.020000;8
50910;0.050000;8
50910;0.010000;8
51010;0.010000;8
51010;0.005000;8
51010;0.001000;8
51110;0.005000;8
51210;0.020000;8
51210;0.001000;8
51310;0.010000;8
51310;0.001000;8
51410;0.005000;8
51510;0.020000;8
51510;0.010000;8
51510;0.001000;8
51610;0.050000;8
51610;0.020000;8
51610;0.010000;8
51610;0.005000;8
51610;0.001000;8
51710;0.020000;8
51710;0.002000;8
51810;0.001000;8
51910;0.020000;8
51910;0.010000;8
51910;0.005000;8
51910;0.001000;8
52010;0.020000;8
52110;0.020000;8
52110;0.005000;8
52110;0.002000;8
52210;0.050000;8
52210;0.001000;8
52410;0.020000;8
52410;0.002000;8
52510;0.050000;8
52610;0.050000;8
52610;0.010000;8
52610;0.005000;8
52710;0.050000;8
52710;0.020000;8
52710;0.001000;8
52810;0.050000;8
52810;0.010000;8
52810;0.005000;8
52810;0.002000;8
52810;0.001000;8
52910;0.050000;8
52910;0.002000;8
52910;0.001000;8
53010;0.010000;8
53010;0.002000;8
53110;0.050000;8
53110;0.020000;8
53110;0.010000;8
53110;0.002000;8
53210;0.010000;8
53210;0.005000;8
53210;0.002000;8
53310;0.020000;8
53310;0.010000;8
53310;0.002000;8
53310;0.001000;8
53410;0.020000;8
53410;0.005000;8
53510;0.010000;8
53610;0.010000;8
53610;0.001000;8
53710;0.050000;8
53710;0.010000;8
53710;0.002000;8
53810;0.010000;8
53910;0.050000;8
53910;0.010000;8
53910;0.002000;8
54010;0.020000;8
54010;0.010000;8
54010;0.002000;8
54110;0.020000;8
54110;0.005000;8
54110;0.002000;8
54210;0.010000;8
54310;0.020000;8
54310;0.010000;8
54310;0.002000;8
54410;0.020000;8
54410;0.010000;8
54410;0.005000;8
54410;0.002000;8
54510;0.050000;8
54510;0.020000;8
54510;0.002000;8
54610;0.010000;8
54610;0.005000;8
54610;0.001000;8
54710;0.010000;8
54710;0.005000;8
54710;0.002000;8
54810;0.050000;8
54810;0.010000;8
54810;0.001000;8
54910;0.020000;8
54910;0.002000;8
55010;0.010000;8
55010;0.001000;8
55110;0.050000;8
55110;0.020000;8
55110;0.010000;8
55110;0.005000;8
55110;0.001000;8
55210;0.050000;8
55210;0.010000;8
55310;0.050000;8
55310;0.020000;8
55310;0.005000;8
55310;0.002000;8
55410;0.010000;8
55510;0.020000;8
55510;0.001000;8
55610;0.020000;8
55610;0.010000;8
55610;0.001000;8
55710;0.010000;8
55710;0.005000;8
55810;0.050000;8
55810;0.002000;8
55810;0.001000;8
55910;0.050000;8
55910;0.010000;8
55910;0.002000;8
55910;0.001000;8
56010;0.010000;8
56010;0.005000;8
56010;0.001000;8
56110;0.050000;8
56110;0.005000;8
56110;0.001000;8
56210;0.050000;8
56210;0.020000;8
56210;0.010000;8
56210;0.005000;8
56210;0.002000;8
56310;0.050000;8
56310;0.020000;8
56310;0.001000;8
56410;0.020000;8
56410;0.010000;8
56410;0.005000;8
56410;0.002000;8
56410;0.001000;8
56510;0.050000;8
56510;0.020000;8
56510;0.010000;8
56510;0.005000;8
56510;0.002000;8
56510;0.001000;8
56610;0.010000;8
56610;0.005000;8
56710;0.050000;8
56710;0.020000;8
56710;0.005000;8
56710;0.002000;8
56810;0.050000;8
56810;0.005000;8
56810;0.002000;8
56910;0.005000;8
56910;0.001000;8
57010;0.010000;8
57110;0.020000;8
57110;0.001000;8
57210;0.005000;8
57210;0.001000;8
57310;0.020000;8
57310;0.002000;8
57410;0.005000;8
57410;0.002000;8
57510;0.002000;8
57610;0.020000;8
57610;0.002000;8
57710;0.020000;8
57710;0.005000;8
57710;0.001000;8
57910;0.005000;8
58110;0.050000;8
58110;0.010000;8
58110;0.005000;8
58210;0.050000;8
58210;0.001000;8
58310;0.050000;8
58310;0.010000;8
58410;0.020000;8
58410;0.005000;8
58510;0.050000;8
58510;0.005000;8
58610;0.010000;8
58710;0.020000;8
58710;0.002000;8
58810;0.020000;8
58810;0.010000;8
58810;0.002000;8
58810;0.001000;8
58910;0.020000;8
58910;0.010000;8
58910;0.002000;8
58910;0.001000;8
59010;0.010000;8
59010;0.005000;8
59110;0.050000;8
59110;0.005000;8
59210;0.001000;8
59310;0.020000;8
59310;0.010000;8
59310;0.005000;8
59310;0.001000;8
59410;0.002000;8
59410;0.001000;8
59510;0.020000;8
59510;0.010000;8
59510;0.005000;8
59610;0.010000;8
59610;0.002000;8
59610;0.001000;8
59710;0.050000;8
59710;0.005000;8
59710;0.002000;8
59710;0.001000;8
59810;0.002000;8
59810;0.001000;8
59910;0.050000;8
59910;0.020000;8
59910;0.010000;8
59910;0.002000;8
59910;0.001000;8
60010;0.050000;8
60010;0.001000;8
60110;0.050000;8
60210;0.010000;8
60210;0.005000;8
60210;0.002000;8
60210;0.001000;8
60310;0.020000;8
60310;0.010000;8
60410;0.050000;8
60410;0.010000;8
60410;0.005000;8
60410;0.002000;8
60510;0.050000;8
60510;0.020000;8
60510;0.002000;8
60610;0.010000;8
60710;0.050000;8
60710;0.002000;8
60710;0.001000;8
60810;0.010000;8
60810;0.005000;8
60810;0.001000;8
60910;0.010000;8
61010;0.005000;8
61010;0.002000;8
61010;0.001000;8
61110;0.010000;8
61110;0.005000;8
61110;0.001000;8
61210;0.050000;8
61210;0.005000;8
61310;0.050000;8
61310;0.020000;8
61310;0.010000;8
61310;0.005000;8
61310;0.001000;8
61410;0.020000;8
61410;0.010000;8
61410;0.005000;8
61610;0.020000;8
61610;0.010000;8
61610;0.005000;8
61610;0.002000;8
61710;0.050000;8
61710;0.020000;8
61710;0.010000;8
61810;0.010000;8
61810;0.005000;8
61810;0.001000;8
61910;0.050000;8
61910;0.020000;8
61910;0.010000;8
61910;0.005000;8
61910;0.002000;8
62010;0.010000;8
62010;0.005000;8
62010;0.001000;8
62110;0.050000;8
62110;0.002000;8
62210;0.002000;8
62210;0.001000;8
62310;0.050000;8
62310;0.020000;8
62310;0.010000;8
62410;0.020000;8
62410;0.010000;8
62410;0.005000;8
62510;0.020000;8
62510;0.005000;8
62510;0.002000;8
62610;0.050000;8
62610;0.020000;8
62710;0.050000;8
62710;0.020000;8
62710;0.002000;8
62810;0.050000;8
62810;0.020000;8
62810;0.010000;8
62810;0.005000;8
62910;0.050000;8
62910;0.005000;8
62910;0.001000;8
63010;0.005000;8
63010;0.002000;8
63110;0.050000;8
63110;0.005000;8
63110;0.002000;8
63210;0.002000;8
63210;0.001000;8
63310;0.010000;8
63310;0.005000;8
63310;0.001000;8
63410;0.010000;8
63410;0.005000;8
63410;0.002000;8
63510;0.050000;8
63510;0.020000;8
63510;0.005000;8
63610;0.050000;8
63710;0.050000;8
63710;0.020000;8
63810;0.050000;8
63810;0.020000;8
63810;0.002000;8
63810;0.001000;8
63910;0.020000;8
63910;0.010000;8
63910;0.005000;8
63910;0.001000;8
64010;0.005000;8
64010;0.002000;8
64110;0.050000;8
64110;0.002000;8
64110;0.001000;8
64210;0.050000;8
64210;0.020000;8
64210;0.001000;8
64310;0.005000;8
64410;0.050000;8
64410;0.001000;8
64510;0.020000;8
64510;0.005000;8
64610;0.002000;8
64610;0.001000;8
64710;0.010000;8
64710;0.005000;8
64810;0.050000;8
64810;0.005000;8
64810;0.002000;8
64910;0.005000;8
65010;0.050000;8
65010;0.005000;8
65010;0.002000;8
65010;0.001000;8
65110;0.002000;8
65110;0.001000;8
65210;0.001000;8
65310;0.050000;8
65310;0.005000;8
65310;0.001000;8
65410;0.050000;8
65410;0.010000;8
65410;0.005000;8
65410;0.001000;8
65510;0.010000;8
65510;0.001000;8
65610;0.020000;8
65610;0.002000;8
65710;0.050000;8
65710;0.002000;8
65710;0.001000;8
65810;0.020000;8
65810;0.005000;8
65810;0.002000;8
65910;0.010000;8
65910;0.005000;8
65910;0.002000;8
66010;0.010000;8
66010;0.005000;8
66010;0.001000;8
66110;0.005000;8
66110;0.002000;8
66110;0.001000;8
66210;0.050000;8
66210;0.020000;8
66210;0.010000;8
66210;0.005000;8
66210;0.002000;8
66310;0.050000;8
66310;0.020000;8
66310;0.005000;8
66510;0.050000;8
66510;0.010000;8
66610;0.020000;8
66610;0.001000;8
66710;0.050000;8
66710;0.020000;8
66710;0.010000;8
66710;0.005000;8
66710;0.002000;8
66710;0.001000;8
66810;0.002000;8
66810;0.001000;8
66910;0.005000;8
66910;0.002000;8
66910;0.001000;8
67010;0.050000;8
67010;0.020000;8
67010;0.010000;8
67010;0.001000;8
67110;0.010000;8
67110;0.002000;8
67210;0.020000;8
67210;0.005000;8
67210;0.002000;8
67310;0.005000;8
67410;0.020000;8
67410;0.002000;8
67410;0.001000;8
67510;0.020000;8
67510;0.010000;8
67510;0.005000;8
67610;0.020000;8
67610;0.010000;8
67610;0.001000;8
67710;0.020000;8
67710;0.001000;8
67810;0.020000;8
67810;0.002000;8
67810;0.001000;8
67910;0.005000;8
68010;0.010000;8
68010;0.005000;8
68010;0.002000;8
68010;0.001000;8
68110;0.010000;8
68110;0.005000;8
68110;0.002000;8
68210;0.050000;8
68210;0.020000;8
68310;0.001000;8
68410;0.005000;8
68510;0.050000;8
68510;0.020000;8
68510;0.005000;8
68610;0.010000;8
68610;0.002000;8
68610;0.001000;8
68710;0.020000;8
68710;0.010000;8
68710;0.002000;8
68710;0.001000;8
68810;0.020000;8
68910;0.050000;8
68910;0.020000;8
69010;0.050000;8
69010;0.010000;8
69110;0.020000;8
69110;0.010000;8
69110;0.002000;8
69210;0.010000;8
69210;0.005000;8
69310;0.020000;8
69310;0.002000;8
69410;0.010000;8
69410;0.005000;8
69510;0.050000;8
69510;0.010000;8
69610;0.010000;8
69610;0.005000;8
69710;0.020000;8
69710;0.005000;8
69710;0.002000;8
69810;0.050000;8
69810;0.005000;8
69810;0.002000;8
69810;0.001000;8
69910;0.050000;8
69910;0.002000;8
69910;0.001000;8
70010;0.020000;8
70010;0.005000;8
70010;0.002000;8
70110;0.050000;8
70110;0.020000;8
70110;0.001000;8
70210;0.020000;8
70210;0.010000;8
70310;0.010000;8
70310;0.005000;8
70410;0.002000;8
70510;0.050000;8
70510;0.010000;8
70510;0.001000;8
70610;0.010000;8
70610;0.005000;8
70610;0.002000;8
70710;0.020000;8
70710;0.005000;8
70710;0.002000;8
70810;0.010000;8
70810;0.002000;8
70810;0.001000;8
70910;0.020000;8
70910;0.002000;8
70910;0.001000;8
71010;0.050000;8
71010;0.005000;8
71010;0.002000;8
71110;0.020000;8
71110;0.010000;8
71110;0.005000;8
71110;0.001000;8
71210;0.050000;8
71210;0.010000;8
71210;0.005000;8
71210;0.001000;8
71310;0.010000;8
71310;0.005000;8
71410;0.020000;8
71410;0.002000;8
71410;0.001000;8
71510;0.020000;8
71510;0.010000;8
71510;0.002000;8
71510;0.001000;8
71610;0.010000;8
71610;0.005000;8
71710;0.050000;8
71710;0.020000;8
71810;0.050000;8
71810;0.002000;8
72010;0.050000;8
72010;0.010000;8
72010;0.001000;8
72110;0.050000;8
72110;0.020000;8
72210;0.020000;8
72210;0.010000;8
72210;0.005000;8
72210;0.002000;8
72210;0.001000;8
72310;0.050000;8
72310;0.002000;8
72410;0.005000;8
72410;0.002000;8
72410;0.001000;8
72510;0.010000;8
72510;0.005000;8
72610;0.050000;8
72610;0.010000;8
72610;0.005000;8
72610;0.001000;8
72710;0.050000;8
72710;0.010000;8
72710;0.005000;8
72710;0.002000;8
72710;0.001000;8
72810;0.050000;8
72810;0.010000;8
72810;0.005000;8
72810;0.002000;8
72810;0.001000;8
72910;0.010000;8
72910;0.002000;8
73010;0.020000;8
73010;0.010000;8
73010;0.005000;8
73110;0.002000;8
73210;0.050000;8
73210;0.001000;8
73310;0.050000;8
73310;0.020000;8
73310;0.010000;8
73310;0.005000;8
73310;0.001000;8
73410;0.010000;8
73410;0.005000;8
73410;0.002000;8
73410;0.001000;8
73510;0.010000;8
73510;0.005000;8
73510;0.001000;8
73710;0.050000;8
73710;0.020000;8
73710;0.005000;8
73710;0.001000;8
73810;0.050000;8
73810;0.010000;8
73810;0.002000;8
73810;0.001000;8
73910;0.020000;8
73910;0.005000;8
73910;0.002000;8
74010;0.010000;8
74110;0.050000;8
74110;0.020000;8
74210;0.002000;8
74310;0.050000;8
74310;0.005000;8
74310;0.001000;8
74410;0.050000;8
74410;0.002000;8
74410;0.001000;8
74510;0.050000;8
74510;0.010000;8
74510;0.002000;8
74610;0.002000;8
74710;0.020000;8
74710;0.002000;8
74810;0.010000;8
74810;0.001000;8
75010;0.050000;8
75010;0.020000;8
75010;0.002000;8
75110;0.020000;8
75110;0.002000;8
75210;0.020000;8
75210;0.002000;8
75310;0.050000;8
75310;0.020000;8
75410;0.010000;8
75410;0.005000;8
75410;0.002000;8
75510;0.005000;8
75510;0.001000;8
75610;0.020000;8
75610;0.005000;8
75610;0.002000;8
75710;0.050000;8
75710;0.005000;8
75810;0.050000;8
75910;0.010000;8
76010;0.050000;8
76010;0.020000;8
76010;0.005000;8
76110;0.050000;8
76110;0.002000;8
76210;0.005000;8
76210;0.002000;8
76210;0.001000;8
76310;0.050000;8
76310;0.002000;8
76410;0.020000;8
76410;0.002000;8
76410;0.001000;8
76510;0.050000;8
76510;0.005000;8
76510;0.001000;8
76610;0.010000;8
76610;0.002000;8
76610;0.001000;8
76710;0.020000;8
76710;0.005000;8
76710;0.002000;8
76710;0.001000;8
76810;0.020000;8
76810;0.002000;8
76910;0.050000;8
76910;0.010000;8
76910;0.001000;8
77010;0.050000;8
77010;0.010000;8
77010;0.005000;8
77110;0.050000;8
77110;0.020000;8
77110;0.005000;8
77110;0.001000;8
77210;0.050000;8
77210;0.010000;8
77210;0.001000;8
77310;0.050000;8
77310;0.002000;8
77410;0.020000;8
77410;0.010000;8
77410;0.005000;8
77410;0.002000;8
77510;0.005000;8
77510;0.002000;8
77610;0.010000;8
77710;0.050000;8
77710;0.010000;8
77710;0.005000;8
77710;0.001000;8
77810;0.010000;8
77810;0.005000;8
77810;0.002000;8
77810;0.001000;8
77910;0.020000;8
77910;0.002000;8
78010;0.005000;8
78010;0.002000;8
78110;0.020000;8
78110;0.005000;8
78110;0.002000;8
78210;0.005000;8
78210;0.002000;8
78210;0.001000;8
78310;0.020000;8
78310;0.010000;8
78310;0.005000;8
78310;0.002000;8
78310;0.001000;8
78410;0.020000;8
78410;0.010000;8
78410;0.001000;8
78510;0.001000;8
78610;0.005000;8
78610;0.002000;8
78610;0.001000;8
78710;0.050000;8
78710;0.005000;8
78710;0.001000;8
78810;0.050000;8
78810;0.010000;8
78910;0.050000;8
78910;0.020000;8
78910;0.005000;8
78910;0.002000;8
79010;0.020000;8
79010;0.005000;8
79010;0.002000;8
79110;0.010000;8
79110;0.001000;8
79210;0.001000;8
79310;0.020000;8
79310;0.010000;8
79410;0.020000;8
79410;0.005000;8
79510;0.050000;8
79510;0.020000;8
79510;0.010000;8
79510;0.005000;8
79510;0.002000;8
79610;0.050000;8
79610;0.005000;8
79710;0.050000;8
79710;0.020000;8
79710;0.005000;8
79710;0.001000;8
79810;0.010000;8
79910;0.002000;8
80010;0.050000;8
80010;0.020000;8
80010;0.005000;8
80010;0.001000;8
80110;0.050000;8
80110;0.020000;8
80110;0.010000;8
80110;0.002000;8
80210;0.050000;8
80210;0.001000;8
80310;0.050000;8
80310;0.020000;8
80310;0.005000;8
80310;0.001000;8
80410;0.010000;8
80410;0.002000;8
80410;0.001000;8
80510;0.050000;8
80510;0.002000;8
80610;0.020000;8
80610;0.010000;8
80610;0.005000;8
80610;0.001000;8
80710;0.020000;8
80710;0.002000;8
80810;0.005000;8
80910;0.050000;8
80910;0.010000;8
80910;0.005000;8
80910;0.001000;8
81010;0.050000;8
81010;0.020000;8
81010;0.005000;8
81010;0.002000;8
81110;0.010000;8
81110;0.002000;8
81110;0.001000;8
81210;0.050000;8
81210;0.010000;8
81210;0.002000;8
81310;0.050000;8
81310;0.020000;8
81310;0.005000;8
81410;0.005000;8
81410;0.002000;8
81410;0.001000;8
81510;0.010000;8
81510;0.005000;8
81510;0.002000;8
81610;0.005000;8
81610;0.002000;8
81710;0.005000;8
81710;0.001000;8
81810;0.005000;8
81910;0.050000;8
81910;0.020000;8
81910;0.010000;8
81910;0.005000;8
81910;0.002000;8
82010;0.050000;8
82010;0.005000;8
82010;0.002000;8
82010;0.001000;8
82110;0.001000;8
82210;0.050000;8
82210;0.010000;8
82210;0.005000;8
82210;0.001000;8
82310;0.020000;8
82310;0.002000;8
82410;0.020000;8
82410;0.001000;8
82510;0.020000;8
82510;0.002000;8
82510;0.001000;8
82610;0.005000;8
82610;0.001000;8
82710;0.005000;8
82710;0.002000;8
82810;0.050000;8
82810;0.002000;8
82810;0.001000;8
82910;0.020000;8
82910;0.010000;8
82910;0.005000;8
82910;0.002000;8
82910;0.001000;8
83010;0.020000;8
83010;0.010000;8
83010;0.001000;8
83110;0.050000;8
83110;0.020000;8
83110;0.005000;8
83210;0.002000;8
83210;0.001000;8
83310;0.005000;8
83310;0.002000;8
83310;0.001000;8
83410;0.020000;8
83410;0.002000;8
83510;0.050000;8
83510;0.005000;8
83510;0.002000;8
83510;0.001000;8
83610;0.050000;8
83610;0.010000;8
83610;0.002000;8
83710;0.050000;8
83710;0.010000;8
83810;0.050000;8
83810;0.010000;8
83810;0.001000;8
83910;0.020000;8
84010;0.002000;8
84110;0.010000;8
84110;0.002000;8
84110;0.001000;8
84210;0.010000;8
84210;0.005000;8
84210;0.001000;8
84310;0.010000;8
84310;0.005000;8
84310;0.002000;8
84310;0.001000;8
84410;0.005000;8
84410;0.001000;8
84510;0.050000;8
84510;0.020000;8
84510;0.005000;8
84510;0.002000;8
84510;0.001000;8
84610;0.050000;8
84610;0.020000;8
84610;0.002000;8
84710;0.050000;8
84710;0.020000;8
84810;0.050000;8
84810;0.020000;8
84810;0.010000;8
84810;0.005000;8
84810;0.001000;8
84910;0.020000;8
85010;0.001000;8
85110;0.020000;8
85110;0.002000;8
85210;0.050000;8
85210;0.005000;8
85310;0.050000;8
85310;0.020000;8
85310;0.001000;8
85410;0.002000;8
85510;0.002000;8
85610;0.010000;8
85610;0.005000;8
85610;0.002000;8
85710;0.020000;8
85710;0.010000;8
85710;0.002000;8
85710;0.001000;8
85810;0.050000;8
85810;0.005000;8
85810;0.001000;8
85910;0.050000;8
85910;0.005000;8
85910;0.002000;8
86010;0.050000;8
86010;0.020000;8
86010;0.002000;8
86110;0.010000;8
86110;0.002000;8
86210;0.020000;8
86210;0.001000;8
86310;0.010000;8
86410;0.050000;8
86410;0.010000;8
86410;0.002000;8
86410;0.001000;8
86510;0.050000;8
86510;0.020000;8
86510;0.010000;8
86510;0.001000;8
86610;0.050000;8
86610;0.010000;8
86610;0.005000;8
86610;0.001000;8
86710;0.050000;8
86710;0.005000;8
86710;0.002000;8
86810;0.050000;8
86810;0.002000;8
86810;0.001000;8
86910;0.050000;8
86910;0.010000;8
86910;0.005000;8
86910;0.002000;8
86910;0.001000;8
87010;0.020000;8
87010;0.001000;8
87110;0.020000;8
87110;0.010000;8
87110;0.005000;8
87110;0.002000;8
87110;0.001000;8
87210;0.050000;8
87210;0.020000;8
87310;0.020000;8
87310;0.002000;8
87310;0.001000;8
87410;0.050000;8
87410;0.020000;8
87410;0.010000;8
87510;0.010000;8
87510;0.005000;8
87510;0.002000;8
87510;0.001000;8
87610;0.020000;8
87610;0.005000;8
87710;0.010000;8
87710;0.002000;8
87710;0.001000;8
87810;0.050000;8
87810;0.002000;8
87810;0.001000;8
87910;0.020000;8
87910;0.010000;8
88010;0.050000;8
88010;0.005000;8
88010;0.002000;8
88110;0.020000;8
88110;0.010000;8
88110;0.002000;8
88210;0.050000;8
88210;0.010000;8
88210;0.005000;8
88310;0.001000;8
88410;0.050000;8
88410;0.010000;8
88510;0.020000;8
88510;0.010000;8
88510;0.001000;8
88610;0.020000;8
88610;0.010000;8
88610;0.002000;8
88610;0.001000;8
88710;0.020000;8
88710;0.010000;8
88710;0.005000;8
88810;0.050000;8
88810;0.002000;8
88910;0.050000;8
88910;0.020000;8
88910;0.005000;8
88910;0.002000;8
88910;0.001000;8
89010;0.050000;8
89010;0.005000;8
89010;0.002000;8
89110;0.010000;8
89110;0.001000;8
89210;0.020000;8
89210;0.010000;8
89210;0.001000;8
89310;0.020000;8
89310;0.010000;8
89310;0.005000;8
89410;0.020000;8
89410;0.010000;8
89510;0.050000;8
89510;0.005000;8
89510;0.001000;8
89610;0.010000;8
89610;0.005000;8
89610;0.002000;8
89610;0.001000;8
89710;0.050000;8
89710;0.001000;8
89810;0.020000;8
89810;0.010000;8
89910;0.020000;8
89910;0.010000;8
89910;0.002000;8
90010;0.050000;8
90010;0.010000;8
90010;0.005000;8
90010;0.001000;8
90110;0.001000;8
90210;0.050000;8
90210;0.020000;8
90210;0.010000;8
90210;0.005000;8
90210;0.001000;8
90310;0.010000;8
90410;0.050000;8
90410;0.020000;8
90410;0.010000;8
90410;0.005000;8
90410;0.002000;8
90510;0.020000;8
90610;0.050000;8
90610;0.020000;8
90610;0.005000;8
90710;0.050000;8
90710;0.020000;8
90810;0.020000;8
90810;0.010000;8
90810;0.005000;8
90810;0.002000;8
90910;0.010000;8
90910;0.005000;8
90910;0.001000;8
91010;0.050000;8
91010;0.005000;8
91010;0.002000;8
91010;0.001000;8
91110;0.050000;8
91110;0.020000;8
91110;0.002000;8
91110;0.001000;8
91210;0.050000;8
91210;0.001000;8
91310;0.020000;8
91310;0.002000;8
91310;0.001000;8
91410;0.020000;8
91410;0.005000;8
91410;0.001000;8
91510;0.010000;8
91610;0.050000;8
91610;0.010000;8
91710;0.020000;8
91710;0.005000;8
91810;0.010000;8
91810;0.005000;8
91810;0.002000;8
91910;0.050000;8
91910;0.010000;8
91910;0.005000;8
92010;0.050000;8
92010;0.001000;8
92110;0.050000;8
92110;0.020000;8
92110;0.005000;8
92210;0.010000;8
92210;0.005000;8
92310;0.050000;8
92310;0.020000;8
92310;0.010000;8
92310;0.005000;8
92310;0.001000;8
92410;0.010000;8
92410;0.005000;8
92510;0.050000;8
92510;0.020000;8
92510;0.010000;8
92510;0.002000;8
92610;0.002000;8
92610;0.001000;8
92710;0.020000;8
92710;0.010000;8
92710;0.002000;8
92810;0.020000;8
92810;0.010000;8
92810;0.002000;8
92810;0.001000;8
92910;0.050000;8
92910;0.010000;8
93010;0.050000;8
93110;0.050000;8
93110;0.020000;8
93110;0.005000;8
93210;0.020000;8
93210;0.010000;8
93310;0.010000;8
93310;0.005000;8
93310;0.002000;8
93310;0.001000;8
93410;0.050000;8
93410;0.002000;8
93510;0.020000;8
93510;0.005000;8
93510;0.002000;8
93610;0.001000;8
93710;0.050000;8
93710;0.020000;8
93710;0.010000;8
93710;0.002000;8
93710;0.001000;8
93810;0.050000;8
93810;0.001000;8
93910;0.020000;8
93910;0.005000;8
93910;0.002000;8
94010;0.001000;8
94110;0.050000;8
94110;0.010000;8
94210;0.050000;8
94210;0.020000;8
94210;0.002000;8
94310;0.020000;8
94410;0.050000;8
94410;0.005000;8
94410;0.002000;8
94410;0.001000;8
94510;0.050000;8
94510;0.010000;8
94510;0.005000;8
94510;0.002000;8
94610;0.005000;8
94610;0.001000;8
94710;0.005000;8
94810;0.002000;8
94810;0.001000;8
94910;0.001000;8
95010;0.020000;8
95010;0.005000;8
95110;0.010000;8
95110;0.002000;8
95110;0.001000;8
95210;0.010000;8
95210;0.005000;8
95310;0.050000;8
95310;0.010000;8
95410;0.050000;8
95410;0.020000;8
95410;0.010000;8
95410;0.005000;8
95410;0.002000;8
95410;0.001000;8
95510;0.050000;8
95510;0.020000;8
95510;0.002000;8
95510;0.001000;8
95610;0.050000;8
95610;0.020000;8
95610;0.002000;8
95710;0.050000;8
95710;0.020000;8
95710;0.005000;8
95810;0.005000;8
95910;0.010000;8
95910;0.005000;8
95910;0.001000;8
96010;0.020000;8
96010;0.005000;8
96010;0.001000;8
96110;0.010000;8
96110;0.001000;8
96210;0.020000;8
96210;0.010000;8
96210;0.001000;8
96310;0.020000;8
96310;0.010000;8
96310;0.002000;8
96310;0.001000;8
96410;0.010000;8
96410;0.005000;8
96410;0.002000;8
96410;0.001000;8
96510;0.050000;8
96510;0.010000;8
96510;0.005000;8
96510;0.002000;8
96510;0.001000;8
96610;0.050000;8
96610;0.020000;8
96610;0.005000;8
96610;0.002000;8
96610;0.001000;8
96710;0.050000;8
96710;0.020000;8
96710;0.010000;8
96710;0.001000;8
96810;0.010000;8
96810;0.002000;8
96910;0.050000;8
96910;0.020000;8
97010;0.050000;8
97010;0.005000;8
97010;0.001000;8
97110;0.010000;8
97110;0.001000;8
97210;0.020000;8
97210;0.002000;8
97210;0.001000;8
97310;0.020000;8
97310;0.005000;8
97310;0.002000;8
97310;0.001000;8
97410;0.020000;8
97410;0.005000;8
97410;0.002000;8
97510;0.050000;8
97510;0.005000;8
97510;0.002000;8
97510;0.001000;8
97610;0.010000;8
97610;0.001000;8
97710;0.050000;8
97710;0.020000;8
97810;0.020000;8
97810;0.010000;8
97810;0.005000;8
97810;0.001000;8
97910;0.020000;8
97910;0.002000;8
98010;0.001000;8
98110;0.050000;8
98110;0.010000;8
98110;0.005000;8
98110;0.002000;8
98110;0.001000;8
98210;0.010000;8
98210;0.002000;8
98310;0.005000;8
98310;0.002000;8
98410;0.005000;8
98410;0.002000;8
98410;0.001000;8
98510;0.050000;8
98510;0.020000;8
98510;0.010000;8
98610;0.020000;8
98610;0.005000;8
98610;0.002000;8
98610;0.001000;8
98710;0.002000;8
98810;0.002000;8
98810;0.001000;8
98910;0.020000;8
98910;0.002000;8
99010;0.010000;8
99010;0.002000;8
99110;0.005000;8
99110;0.002000;8
99110;0.001000;8
99210;0.005000;8
99210;0.002000;8
99210;0.001000;8
99310;0.005000;8
99310;0.001000;8
99410;0.020000;8
99410;0.005000;8
99510;0.020000;8
99510;0.010000;8
99610;0.050000;8
99610;0.005000;8
99610;0.002000;8
99610;0.001000;8
99710;0.050000;8
99710;0.020000;8
99710;0.010000;8
99710;0.005000;8
99710;0.001000;8
99810;0.020000;8
99810;0.010000;8
99810;0.002000;8
99810;0.001000;8
99910;0.050000;8
99910;0.010000;8
99910;0.001000;8
100010;0.002000;8
100110;0.020000;8
100210;0.050000;8
100210;0.020000;8
100210;0.010000;8
100210;0.005000;8
100310;0.010000;8
100310;0.005000;8
100310;0.002000;8
100310;0.001000;8
100410;0.020000;8
100510;0.050000;8
100510;0.002000;8
100610;0.020000;8
100610;0.010000;8
100610;0.005000;8
100610;0.001000;8
100710;0.020000;8
100710;0.010000;8
100710;0.005000;8
100710;0.002000;8
100710;0.001000;8
100810;0.010000;8
100810;0.005000;8
100810;0.002000;8
100810;0.001000;8
100910;0.050000;8
100910;0.005000;8
100910;0.002000;8
100910;0.001000;8
101010;0.050000;8
101010;0.010000;8
101110;0.050000;8
101210;0.050000;8
101210;0.005000;8
101210;0.002000;8
101210;0.001000;8
101310;0.020000;8
101410;0.050000;8
101410;0.010000;8
101410;0.001000;8
101510;0.001000;8
101610;0.050000;8
101610;0.005000;8
101610;0.002000;8
101710;0.020000;8
101710;0.005000;8
101710;0.001000;8
101810;0.020000;8
101910;0.050000;8
101910;0.010000;8
102010;0.050000;8
102010;0.005000;8
102010;0.002000;8
102010;0.001000;8
102110;0.020000;8
102110;0.005000;8
102210;0.010000;8
102210;0.002000;8
102310;0.050000;8
102310;0.001000;8
102410;0.050000;8
102410;0.020000;8
102410;0.001000;8
102510;0.050000;8
102510;0.005000;8
102610;0.050000;8
102610;0.010000;8
102610;0.001000;8
102710;0.050000;8
102710;0.010000;8
102710;0.005000;8
102710;0.001000;8
102910;0.050000;8
102910;0.020000;8
102910;0.005000;8
102910;0.001000;8
103010;0.020000;8
103010;0.005000;8
103110;0.050000;8
103110;0.005000;8
103110;0.002000;8
103210;0.050000;8
103210;0.010000;8
103210;0.005000;8
103210;0.002000;8
103210;0.001000;8
103310;0.010000;8
103310;0.002000;8
103410;0.020000;8
103410;0.005000;8
103410;0.002000;8
103410;0.001000;8
103510;0.050000;8
103510;0.020000;8
103510;0.010000;8
103510;0.005000;8
103610;0.050000;8
103610;0.020000;8
103610;0.005000;8
103610;0.002000;8
103610;0.001000;8
103710;0.050000;8
103710;0.002000;8
103810;0.020000;8
103810;0.001000;8
103910;0.050000;8
103910;0.005000;8
104010;0.050000;8
104010;0.005000;8
104010;0.001000;8
104110;0.002000;8
104110;0.001000;8
104210;0.050000;8
104210;0.020000;8
104210;0.010000;8
104210;0.002000;8
104210;0.001000;8
104310;0.050000;8
104310;0.005000;8
104310;0.001000;8
104410;0.002000;8
104410;0.001000;8
104510;0.050000;8
104510;0.010000;8
104610;0.020000;8
104610;0.010000;8
104610;0.002000;8
104710;0.010000;8
104710;0.005000;8
104710;0.001000;8
104810;0.020000;8
104810;0.010000;8
104810;0.005000;8
104810;0.002000;8
104910;0.050000;8
104910;0.005000;8
104910;0.002000;8
104910;0.001000;8
105010;0.050000;8
105010;0.020000;8
105010;0.010000;8
105010;0.002000;8
105010;0.001000;8
105110;0.020000;8
105210;0.010000;8
105410;0.020000;8
105410;0.001000;8
105510;0.010000;8
105510;0.002000;8
105610;0.020000;8
105610;0.002000;8
105610;0.001000;8
105710;0.020000;8
105710;0.010000;8
105910;0.010000;8
105910;0.002000;8
105910;0.001000;8
106010;0.050000;8
106010;0.020000;8
106010;0.005000;8
106110;0.050000;8
106110;0.020000;8
106110;0.010000;8
106110;0.002000;8
106210;0.050000;8
106210;0.020000;8
106210;0.010000;8
106210;0.005000;8
106210;0.002000;8
106310;0.050000;8
106310;0.005000;8
106510;0.050000;8
106510;0.020000;8
106510;0.010000;8
106510;0.005000;8
106510;0.001000;8
106610;0.010000;8
106610;0.005000;8
106610;0.002000;8
106710;0.020000;8
106810;0.002000;8
106810;0.001000;8
106910;0.050000;8
106910;0.020000;8
106910;0.010000;8
106910;0.005000;8
106910;0.002000;8
107010;0.050000;8
107010;0.020000;8
107010;0.001000;8
107110;0.020000;8
107110;0.010000;8
107210;0.020000;8
107210;0.001000;8
107310;0.050000;8
107310;0.020000;8
107310;0.010000;8
107310;0.005000;8
107310;0.002000;8
107410;0.050000;8
107410;0.005000;8
107410;0.002000;8
107510;0.020000;8
107510;0.002000;8
107610;0.050000;8
107610;0.020000;8
107610;0.005000;8
107710;0.050000;8
107710;0.020000;8
107710;0.005000;8
107710;0.002000;8
107810;0.020000;8
107910;0.020000;8
107910;0.010000;8
107910;0.005000;8
108010;0.050000;8
108010;0.010000;8
108010;0.005000;8
108010;0.002000;8
108010;0.001000;8
108110;0.005000;8
108110;0.002000;8
108210;0.050000;8
108210;0.020000;8
108210;0.005000;8
108310;0.010000;8
108310;0.005000;8
108310;0.001000;8
108410;0.010000;8
108410;0.005000;8
108410;0.002000;8
108410;0.001000;8
108510;0.010000;8
108510;0.002000;8
108610;0.050000;8
108610;0.020000;8
108610;0.010000;8
108610;0.005000;8
108710;0.050000;8
108710;0.005000;8
108710;0.001000;8
108810;0.050000;8
108810;0.020000;8
108810;0.010000;8
108810;0.002000;8
108810;0.001000;8
108910;0.010000;8
108910;0.005000;8
108910;0.001000;8
109010;0.050000;8
109010;0.005000;8
109010;0.002000;8
109110;0.010000;8
109110;0.005000;8
109110;0.001000;8
109210;0.050000;8
109210;0.010000;8
109210;0.002000;8
109210;0.001000;8
109310;0.050000;8
109310;0.020000;8
109310;0.005000;8
109310;0.001000;8
109410;0.050000;8
109410;0.005000;8
109410;0.002000;8
109510;0.020000;8
109510;0.010000;8
109510;0.002000;8
109610;0.002000;8
109610;0.001000;8
109710;0.010000;8
109710;0.005000;8
109710;0.002000;8
109710;0.001000;8
109810;0.002000;8
109810;0.001000;8
109910;0.050000;8
109910;0.005000;8
110010;0.020000;8
110110;0.020000;8
110110;0.010000;8
110110;0.005000;8
110110;0.002000;8
110210;0.001000;8
110310;0.010000;8
110310;0.002000;8
110310;0.001000;8
110410;0.010000;8
110410;0.001000;8
110510;0.010000;8
110510;0.005000;8
110510;0.002000;8
110610;0.020000;8
110610;0.005000;8
110610;0.002000;8
110610;0.001000;8
110710;0.020000;8
110710;0.005000;8
110710;0.001000;8
110810;0.050000;8
110810;0.020000;8
110810;0.005000;8
110810;0.002000;8
110910;0.050000;8
110910;0.002000;8
110910;0.001000;8
111010;0.005000;8
111110;0.050000;8
111110;0.010000;8
111110;0.005000;8
111110;0.002000;8
111210;0.050000;8
111210;0.020000;8
111210;0.010000;8
111210;0.005000;8
111310;0.001000;8
111410;0.020000;8
111410;0.005000;8
111510;0.020000;8
111610;0.002000;8
111710;0.002000;8
111810;0.020000;8
111810;0.005000;8
111910;0.010000;8
111910;0.005000;8
111910;0.002000;8
112010;0.020000;8
112010;0.010000;8
112010;0.005000;8
112110;0.010000;8
112110;0.001000;8
112210;0.020000;8
112210;0.010000;8
112210;0.001000;8
112310;0.005000;8
112310;0.001000;8
112410;0.020000;8
112510;0.050000;8
112510;0.010000;8
112510;0.002000;8
112710;0.005000;8
112710;0.002000;8
112810;0.020000;8
112810;0.002000;8
112910;0.050000;8
112910;0.020000;8
113010;0.050000;8
113010;0.020000;8
113010;0.010000;8
113010;0.001000;8
113110;0.020000;8
113110;0.005000;8
113110;0.002000;8
113110;0.001000;8
113210;0.050000;8
113210;0.001000;8
113310;0.050000;8
113310;0.005000;8
113310;0.002000;8
113410;0.050000;8
113410;0.010000;8
113410;0.005000;8
113410;0.002000;8
113510;0.020000;8
113510;0.005000;8
113610;0.050000;8
113610;0.005000;8
113610;0.001000;8
113710;0.050000;8
113710;0.010000;8
113710;0.005000;8
113710;0.002000;8
113810;0.020000;8
113810;0.002000;8
113810;0.001000;8
113910;0.050000;8
114010;0.020000;8
114010;0.010000;8
114110;0.020000;8
114110;0.010000;8
114110;0.005000;8
114210;0.020000;8
114310;0.005000;8
114310;0.001000;8
114410;0.020000;8
114410;0.010000;8
114410;0.005000;8
114410;0.002000;8
114510;0.020000;8
114510;0.010000;8
114510;0.005000;8
114510;0.002000;8
114510;0.001000;8
114610;0.010000;8
114610;0.002000;8
114710;0.010000;8
114710;0.005000;8
114710;0.001000;8
114810;0.050000;8
114810;0.005000;8
114910;0.020000;8
114910;0.005000;8
114910;0.002000;8
114910;0.001000;8
115010;0.001000;8
115110;0.020000;8
115110;0.002000;8
115110;0.001000;8
115210;0.050000;8
115210;0.002000;8
115310;0.020000;8
115310;0.002000;8
115410;0.020000;8
115410;0.010000;8
115410;0.001000;8
115510;0.050000;8
115510;0.020000;8
115610;0.001000;8
115710;0.010000;8
115710;0.005000;8
115710;0.002000;8
115710;0.001000;8
115910;0.020000;8
115910;0.001000;8
116010;0.020000;8
116010;0.010000;8
116010;0.005000;8
116010;0.002000;8
116010;0.001000;8
116110;0.050000;8
116110;0.020000;8
116110;0.010000;8
116110;0.002000;8
116110;0.001000;8
116210;0.050000;8
116210;0.002000;8
116210;0.001000;8
116310;0.050000;8
116310;0.020000;8
116310;0.010000;8
116310;0.005000;8
116310;0.002000;8
116410;0.010000;8
116410;0.005000;8
116510;0.001000;8
116610;0.010000;8
116610;0.001000;8
116710;0.050000;8
116710;0.020000;8
116710;0.010000;8
116810;0.020000;8
116810;0.010000;8
116810;0.002000;8
116810;0.001000;8
116910;0.050000;8
116910;0.010000;8
116910;0.002000;8
117010;0.005000;8
117010;0.002000;8
117010;0.001000;8
117210;0.050000;8
117210;0.020000;8
117210;0.010000;8
117210;0.002000;8
117210;0.001000;8
117310;0.020000;8
117310;0.010000;8
117410;0.050000;8
117410;0.020000;8
117410;0.002000;8
117410;0.001000;8
117510;0.050000;8
117510;0.010000;8
117510;0.002000;8
117510;0.001000;8
117610;0.020000;8
117610;0.002000;8
117710;0.020000;8
117710;0.010000;8
117710;0.001000;8
117810;0.050000;8
117810;0.020000;8
117810;0.005000;8
117910;0.020000;8
117910;0.010000;8
117910;0.005000;8
117910;0.001000;8
118010;0.050000;8
118010;0.002000;8
118110;0.005000;8
118110;0.002000;8
118210;0.050000;8
118210;0.020000;8
118210;0.001000;8
118310;0.020000;8
118310;0.005000;8
118310;0.001000;8
118410;0.050000;8
118410;0.010000;8
118410;0.005000;8
118410;0.001000;8
118510;0.050000;8
118510;0.002000;8
118610;0.050000;8
118610;0.020000;8
118610;0.005000;8
118610;0.001000;8
118710;0.010000;8
118710;0.005000;8
118710;0.002000;8
118710;0.001000;8
118810;0.020000;8
118910;0.010000;8
118910;0.005000;8
119010;0.050000;8
119010;0.020000;8
119110;0.020000;8
119110;0.010000;8
119110;0.002000;8
119210;0.010000;8
119210;0.005000;8
119310;0.020000;8
119310;0.005000;8
119310;0.002000;8
119410;0.050000;8
119410;0.020000;8
119410;0.010000;8
119410;0.002000;8
119510;0.050000;8
119510;0.020000;8
119510;0.005000;8
119510;0.002000;8
119510;0.001000;8
119610;0.050000;8
119610;0.010000;8
119610;0.001000;8
119710;0.050000;8
119710;0.020000;8
119810;0.005000;8
119810;0.002000;8
119910;0.050000;8
119910;0.010000;8
119910;0.005000;8
119910;0.002000;8
120010;0.020000;8
120010;0.010000;8
120010;0.001000;8
120110;0.050000;8
120110;0.020000;8
120110;0.001000;8
120210;0.050000;8
120210;0.020000;8
120210;0.005000;8
120210;0.001000;8
120310;0.010000;8
120310;0.001000;8
120410;0.010000;8
120410;0.002000;8
120410;0.001000;8
120510;0.010000;8
120510;0.002000;8
120710;0.050000;8
120710;0.005000;8
120810;0.050000;8
120810;0.002000;8
120810;0.001000;8
120910;0.050000;8
120910;0.020000;8
120910;0.002000;8
120910;0.001000;8
121010;0.050000;8
121010;0.020000;8
121010;0.010000;8
121010;0.005000;8
121010;0.001000;8
121110;0.020000;8
121110;0.010000;8
121110;0.005000;8
121210;0.050000;8
121210;0.020000;8
121210;0.010000;8
121210;0.002000;8
121310;0.010000;8
121310;0.005000;8
121310;0.001000;8
121410;0.010000;8
121410;0.005000;8
121410;0.001000;8
121510;0.050000;8
121510;0.005000;8
121510;0.002000;8
121510;0.001000;8
121610;0.050000;8
121610;0.020000;8
121610;0.005000;8
121610;0.002000;8
121710;0.050000;8
121710;0.010000;8
121710;0.005000;8
121710;0.002000;8
121710;0.001000;8
121810;0.050000;8
121910;0.005000;8
121910;0.001000;8
122010;0.050000;8
122010;0.010000;8
122010;0.005000;8
122110;0.050000;8
122110;0.002000;8
122210;0.050000;8
122210;0.020000;8
122210;0.010000;8
122210;0.005000;8
122310;0.010000;8
122410;0.020000;8
122410;0.010000;8
122410;0.005000;8
122410;0.001000;8
122510;0.005000;8
122510;0.002000;8
122610;0.050000;8
122610;0.020000;8
122610;0.010000;8
122610;0.005000;8
122710;0.050000;8
122710;0.020000;8
122710;0.001000;8
122810;0.050000;8
122810;0.010000;8
122810;0.002000;8
122810;0.001000;8
122910;0.005000;8
122910;0.001000;8
123010;0.005000;8
123010;0.002000;8
123010;0.001000;8
123110;0.020000;8
123110;0.005000;8
123110;0.001000;8
123210;0.020000;8
123210;0.005000;8
123210;0.002000;8
123210;0.001000;8
123310;0.020000;8
123310;0.005000;8
123310;0.002000;8
123410;0.020000;8
123410;0.010000;8
123410;0.002000;8
123510;0.050000;8
123510;0.020000;8
123510;0.002000;8
123510;0.001000;8
123610;0.050000;8
123610;0.020000;8
123610;0.002000;8
123610;0.001000;8
123710;0.050000;8
123710;0.020000;8
123810;0.010000;8
123810;0.005000;8
123810;0.002000;8
123810;0.001000;8
123910;0.050000;8
123910;0.020000;8
123910;0.005000;8
124010;0.050000;8
124010;0.001000;8
124110;0.050000;8
124110;0.020000;8
124110;0.010000;8
124110;0.001000;8
124210;0.050000;8
124210;0.020000;8
124210;0.010000;8
124210;0.005000;8
124210;0.001000;8
124310;0.050000;8
124310;0.001000;8
124410;0.005000;8
124510;0.005000;8
124510;0.002000;8
124710;0.002000;8
124810;0.050000;8
124810;0.001000;8
124910;0.010000;8
124910;0.005000;8
125010;0.020000;8
125010;0.005000;8
125010;0.002000;8
125110;0.020000;8
125110;0.010000;8
125110;0.005000;8
125110;0.001000;8
125210;0.010000;8
125210;0.005000;8
125210;0.001000;8
125310;0.002000;8
125310;0.001000;8
125410;0.020000;8
125410;0.010000;8
125410;0.005000;8
125410;0.002000;8
125410;0.001000;8
125510;0.050000;8
125510;0.010000;8
125510;0.005000;8
125610;0.050000;8
125610;0.010000;8
125610;0.005000;8
125710;0.020000;8
125710;0.002000;8
125810;0.020000;8
125810;0.005000;8
125810;0.001000;8
125910;0.010000;8
126010;0.010000;8
126210;0.020000;8
126210;0.005000;8
126210;0.002000;8
126310;0.005000;8
126310;0.002000;8
126410;0.020000;8
126410;0.005000;8
126410;0.001000;8
126510;0.010000;8
126610;0.005000;8
126610;0.002000;8
126610;0.001000;8
126710;0.050000;8
126710;0.020000;8
126710;0.005000;8
126710;0.002000;8
126810;0.050000;8
126810;0.020000;8
126910;0.020000;8
126910;0.005000;8
126910;0.002000;8
127010;0.020000;8
127010;0.001000;8
127110;0.050000;8
127110;0.020000;8
127110;0.010000;8
127110;0.001000;8
127210;0.020000;8
127210;0.010000;8
127210;0.005000;8
127210;0.002000;8
127410;0.050000;8
127410;0.020000;8
127410;0.001000;8
127510;0.050000;8
127510;0.020000;8
127510;0.010000;8
127610;0.010000;8
127610;0.002000;8
127710;0.020000;8
127710;0.010000;8
127810;0.050000;8
127810;0.020000;8
127810;0.010000;8
127810;0.005000;8
127810;0.002000;8
127910;0.020000;8
127910;0.010000;8
127910;0.002000;8
128010;0.020000;8
128110;0.050000;8
128110;0.010000;8
128110;0.005000;8
128110;0.002000;8
128110;0.001000;8
128210;0.020000;8
128210;0.005000;8
128310;0.020000;8
128310;0.010000;8
128310;0.005000;8
128310;0.001000;8
128410;0.020000;8
128410;0.010000;8
128410;0.002000;8
128410;0.001000;8
128510;0.010000;8
128510;0.005000;8
128510;0.002000;8
128610;0.020000;8
128610;0.010000;8
128710;0.010000;8
128710;0.002000;8
128710;0.001000;8
128810;0.001000;8
128910;0.010000;8
128910;0.001000;8
129010;0.010000;8
129010;0.002000;8
129110;0.020000;8
129110;0.005000;8
129110;0.002000;8
129110;0.001000;8
129310;0.050000;8
129310;0.020000;8
129310;0.001000;8
129410;0.050000;8
129410;0.002000;8
129410;0.001000;8
129510;0.050000;8
129510;0.005000;8
129510;0.002000;8
129510;0.001000;8
129610;0.050000;8
129610;0.020000;8
129610;0.010000;8
129610;0.005000;8
129710;0.020000;8
129710;0.001000;8
129810;0.050000;8
129810;0.020000;8
129810;0.002000;8
129810;0.001000;8
129910;0.010000;8
129910;0.005000;8
129910;0.001000;8
130010;0.050000;8
130010;0.005000;8
130010;0.002000;8
130110;0.050000;8
130110;0.010000;8
130110;0.005000;8
130210;0.010000;8
130210;0.001000;8
130410;0.050000;8
130410;0.020000;8
130410;0.010000;8
130410;0.005000;8
130410;0.001000;8
130510;0.050000;8
130510;0.020000;8
130510;0.005000;8
130510;0.001000;8
130610;0.050000;8
130610;0.020000;8
130610;0.010000;8
130610;0.002000;8
130610;0.001000;8
130710;0.050000;8
130710;0.020000;8
130710;0.005000;8
130710;0.002000;8
130710;0.001000;8
130810;0.050000;8
130810;0.005000;8
130810;0.002000;8
130810;0.001000;8
130910;0.005000;8
130910;0.002000;8
131110;0.020000;8
131110;0.005000;8
131110;0.002000;8
131110;0.001000;8
131210;0.020000;8
131210;0.010000;8
131210;0.005000;8
131210;0.002000;8
131310;0.050000;8
131310;0.020000;8
131310;0.010000;8
131310;0.005000;8
131310;0.001000;8
131410;0.005000;8
131410;0.002000;8
131410;0.001000;8
131510;0.050000;8
131510;0.020000;8
131510;0.010000;8
131510;0.001000;8
131610;0.020000;8
131610;0.010000;8
131610;0.002000;8
131610;0.001000;8
131710;0.050000;8
131810;0.020000;8
131810;0.005000;8
131910;0.050000;8
131910;0.005000;8
132010;0.020000;8
132010;0.005000;8
132010;0.002000;8
132010;0.001000;8
132110;0.020000;8
132110;0.005000;8
132210;0.020000;8
132210;0.010000;8
132210;0.005000;8
132210;0.002000;8
132310;0.020000;8
132310;0.002000;8
132310;0.001000;8
132410;0.050000;8
132410;0.001000;8
132510;0.020000;8
132510;0.010000;8
132510;0.005000;8
132510;0.002000;8
132510;0.001000;8
132610;0.010000;8
132610;0.005000;8
132610;0.002000;8
132710;0.050000;8
132710;0.020000;8
132710;0.010000;8
132710;0.005000;8
132710;0.002000;8
132810;0.050000;8
132810;0.005000;8
132810;0.001000;8
132910;0.005000;8
132910;0.001000;8
133010;0.020000;8
133010;0.005000;8
133010;0.002000;8
133110;0.050000;8
133110;0.010000;8
133110;0.005000;8
133210;0.002000;8
133210;0.001000;8
133310;0.020000;8
133310;0.002000;8
133410;0.010000;8
133410;0.005000;8
133510;0.001000;8
133610;0.020000;8
133610;0.010000;8
133610;0.005000;8
133610;0.002000;8
133610;0.001000;8
133710;0.020000;8
133710;0.010000;8
133710;0.002000;8
133810;0.020000;8
133810;0.010000;8
133910;0.020000;8
133910;0.001000;8
134110;0.020000;8
134110;0.001000;8
134210;0.010000;8
134210;0.005000;8
134210;0.002000;8
134310;0.050000;8
134310;0.020000;8
134310;0.005000;8
134310;0.002000;8
134310;0.001000;8
134410;0.050000;8
134410;0.002000;8
134410;0.001000;8
134510;0.050000;8
134510;0.010000;8
134510;0.005000;8
134510;0.001000;8
134610;0.050000;8
134610;0.020000;8
134610;0.002000;8
134710;0.002000;8
134810;0.050000;8
134810;0.010000;8
134810;0.001000;8
134910;0.020000;8
134910;0.010000;8
134910;0.005000;8
134910;0.001000;8
135010;0.020000;8
135010;0.002000;8
135010;0.001000;8
135110;0.050000;8
135110;0.005000;8
135110;0.002000;8
135210;0.050000;8
135210;0.020000;8
135210;0.010000;8
135210;0.005000;8
135210;0.001000;8
135310;0.020000;8
135310;0.005000;8
135410;0.001000;8
135510;0.020000;8
135510;0.005000;8
135610;0.010000;8
135610;0.005000;8
135610;0.002000;8
135710;0.010000;8
135810;0.005000;8
135810;0.002000;8
135910;0.010000;8
136010;0.020000;8
136010;0.010000;8
136010;0.002000;8
136010;0.001000;8
136110;0.020000;8
136110;0.010000;8
136110;0.002000;8
136110;0.001000;8
136210;0.050000;8
136210;0.010000;8
136210;0.002000;8
136210;0.001000;8
136310;0.010000;8
136310;0.002000;8
136310;0.001000;8
136410;0.010000;8
136410;0.002000;8
136410;0.001000;8
136510;0.050000;8
136510;0.002000;8
136510;0.001000;8
136610;0.010000;8
136710;0.020000;8
136710;0.010000;8
136710;0.001000;8
136810;0.020000;8
136810;0.010000;8
136810;0.001000;8
136910;0.010000;8
136910;0.005000;8
136910;0.001000;8
137010;0.020000;8
137010;0.010000;8
137010;0.005000;8
137110;0.002000;8
137210;0.020000;8
137210;0.010000;8
137210;0.005000;8
137210;0.002000;8
137210;0.001000;8
137310;0.020000;8
137310;0.010000;8
137310;0.002000;8
137410;0.010000;8
137510;0.005000;8
137510;0.001000;8
137610;0.050000;8
137610;0.020000;8
137610;0.005000;8
137710;0.050000;8
137710;0.005000;8
137710;0.002000;8
137810;0.050000;8
137810;0.005000;8
137810;0.002000;8
137810;0.001000;8
137910;0.010000;8
137910;0.002000;8
137910;0.001000;8
138010;0.050000;8
138010;0.020000;8
138110;0.020000;8
138110;0.010000;8
138210;0.050000;8
138210;0.020000;8
138210;0.010000;8
138210;0.002000;8
138310;0.005000;8
138310;0.001000;8
138410;0.010000;8
138410;0.001000;8
138510;0.005000;8
138510;0.002000;8
138710;0.020000;8
138810;0.020000;8
138810;0.010000;8
138810;0.005000;8
138910;0.020000;8
138910;0.010000;8
138910;0.002000;8
139010;0.050000;8
139010;0.010000;8
139010;0.002000;8
139010;0.001000;8
139110;0.010000;8
139210;0.050000;8
139210;0.001000;8
139310;0.020000;8
139310;0.010000;8
139310;0.002000;8
139310;0.001000;8
139410;0.020000;8
139410;0.005000;8
139410;0.001000;8
139510;0.020000;8
139510;0.001000;8
139610;0.050000;8
139610;0.020000;8
139610;0.010000;8
139610;0.005000;8
139710;0.010000;8
139710;0.001000;8
139810;0.002000;8
139910;0.050000;8
139910;0.020000;8
139910;0.005000;8
139910;0.002000;8
140010;0.020000;8
140010;0.002000;8
140010;0.001000;8
140110;0.050000;8
140110;0.005000;8
140110;0.002000;8
140110;0.001000;8
140210;0.050000;8
140210;0.020000;8
140210;0.010000;8
140210;0.005000;8
140210;0.001000;8
140310;0.050000;8
140310;0.001000;8
140410;0.050000;8
140410;0.010000;8
140410;0.005000;8
140410;0.002000;8
140410;0.001000;8
140510;0.050000;8
140510;0.010000;8
140510;0.005000;8
140610;0.050000;8
140610;0.002000;8
140610;0.001000;8
140710;0.020000;8
140710;0.010000;8
140710;0.005000;8
140710;0.002000;8
140710;0.001000;8
140810;0.010000;8
140810;0.005000;8
140910;0.020000;8
140910;0.010000;8
140910;0.002000;8
140910;0.001000;8
141010;0.050000;8
141010;0.020000;8
141010;0.010000;8
141110;0.010000;8
141110;0.005000;8
141110;0.002000;8
141110;0.001000;8
141210;0.050000;8
141210;0.020000;8
141210;0.010000;8
141210;0.001000;8
141310;0.010000;8
141410;0.050000;8
141410;0.020000;8
141410;0.002000;8
141410;0.001000;8
141510;0.020000;8
141510;0.005000;8
141510;0.002000;8
141510;0.001000;8
141610;0.050000;8
141610;0.010000;8
141610;0.005000;8
141610;0.002000;8
141610;0.001000;8
141710;0.050000;8
141710;0.005000;8
141810;0.050000;8
141810;0.020000;8
141810;0.010000;8
141810;0.005000;8
141910;0.005000;8
141910;0.001000;8
142010;0.050000;8
142010;0.010000;8
142010;0.005000;8
142010;0.001000;8
142110;0.050000;8
142110;0.010000;8
142110;0.001000;8
142210;0.020000;8
142210;0.010000;8
142210;0.005000;8
142210;0.001000;8
142310;0.020000;8
142310;0.002000;8
142310;0.001000;8
142410;0.005000;8
142410;0.002000;8
142410;0.001000;8
142510;0.050000;8
142510;0.005000;8
142610;0.050000;8
142610;0.020000;8
142610;0.002000;8
142610;0.001000;8
142710;0.010000;8
142710;0.005000;8
142710;0.002000;8
142810;0.020000;8
142810;0.005000;8
142910;0.050000;8
142910;0.001000;8
143010;0.050000;8
143110;0.050000;8
143110;0.020000;8
143110;0.010000;8
143110;0.005000;8
143110;0.002000;8
143210;0.050000;8
143210;0.020000;8
143210;0.010000;8
143210;0.005000;8
143210;0.002000;8
143210;0.001000;8
143310;0.001000;8
143410;0.001000;8
143510;0.050000;8
143610;0.050000;8
143610;0.010000;8
143610;0.005000;8
143710;0.050000;8
143710;0.010000;8
143810;0.050000;8
143810;0.010000;8
143810;0.005000;8
143810;0.001000;8
143910;0.005000;8
143910;0.002000;8
143910;0.001000;8
144010;0.020000;8
144010;0.010000;8
144010;0.005000;8
144010;0.002000;8
144010;0.001000;8
144110;0.050000;8
144110;0.020000;8
144110;0.010000;8
144110;0.005000;8
144110;0.002000;8
144210;0.050000;8
144210;0.001000;8
144310;0.020000;8
144310;0.010000;8
144310;0.005000;8
144310;0.002000;8
144310;0.001000;8
144410;0.020000;8
144410;0.005000;8
144410;0.001000;8
144510;0.050000;8
144510;0.010000;8
144510;0.005000;8
144610;0.050000;8
144610;0.005000;8
144710;0.050000;8
144710;0.005000;8
144810;0.020000;8
144810;0.010000;8
144810;0.005000;8
144910;0.050000;8
144910;0.020000;8
144910;0.005000;8
145010;0.020000;8
145010;0.005000;8
145010;0.002000;8
145110;0.050000;8
145110;0.002000;8
145110;0.001000;8
145210;0.020000;8
145210;0.010000;8
145310;0.050000;8
145310;0.010000;8
145310;0.005000;8
145410;0.020000;8
145410;0.005000;8
145410;0.002000;8
145510;0.050000;8
145510;0.020000;8
145510;0.001000;8
145710;0.020000;8
145710;0.010000;8
145710;0.001000;8
145810;0.002000;8
145810;0.001000;8
145910;0.050000;8
145910;0.020000;8
145910;0.010000;8
145910;0.005000;8
146010;0.020000;8
146010;0.010000;8
146010;0.002000;8
146110;0.050000;8
146110;0.020000;8
146110;0.005000;8
146210;0.020000;8
146210;0.002000;8
146210;0.001000;8
146310;0.020000;8
146310;0.005000;8
146410;0.050000;8
146410;0.020000;8
146410;0.010000;8
146410;0.005000;8
146510;0.002000;8
146610;0.010000;8
146610;0.005000;8
146610;0.002000;8
146610;0.001000;8
146710;0.010000;8
146710;0.002000;8
146810;0.002000;8
146810;0.001000;8
146910;0.020000;8
146910;0.010000;8
146910;0.005000;8
146910;0.002000;8
146910;0.001000;8
147010;0.005000;8
147010;0.001000;8
147110;0.050000;8
147110;0.020000;8
147210;0.050000;8
147210;0.010000;8
147210;0.002000;8
147310;0.010000;8
147310;0.005000;8
147310;0.002000;8
147410;0.020000;8
147410;0.002000;8
147410;0.001000;8
147610;0.050000;8
147610;0.020000;8
147610;0.002000;8
147610;0.001000;8
147710;0.020000;8
147710;0.010000;8
147710;0.005000;8
147710;0.001000;8
147810;0.050000;8
147810;0.020000;8
147810;0.002000;8
147910;0.050000;8
147910;0.010000;8
147910;0.005000;8
147910;0.002000;8
148010;0.020000;8
148110;0.010000;8
148110;0.005000;8
148210;0.010000;8
148210;0.005000;8
148310;0.002000;8
148310;0.001000;8
148410;0.050000;8
148410;0.010000;8
148510;0.020000;8
148510;0.010000;8
148510;0.001000;8
148610;0.050000;8
148710;0.050000;8
148710;0.020000;8
148810;0.010000;8
148810;0.002000;8
148910;0.020000;8
149010;0.050000;8
149010;0.020000;8
149010;0.010000;8
149010;0.005000;8
149010;0.001000;8
149110;0.050000;8
149110;0.010000;8
149110;0.001000;8
149210;0.010000;8
149210;0.005000;8
149210;0.002000;8
149210;0.001000;8
149310;0.020000;8
149310;0.002000;8
149410;0.010000;8
149410;0.002000;8
149410;0.001000;8
149510;0.050000;8
149510;0.020000;8
149510;0.001000;8
149610;0.050000;8
149610;0.020000;8
149610;0.010000;8
149610;0.005000;8
149610;0.002000;8
149610;0.001000;8
149810;0.020000;8
149810;0.002000;8
149810;0.001000;8
149910;0.020000;8
149910;0.010000;8
150010;0.050000;8
150010;0.005000;8
150010;0.001000;8
150110;0.050000;8
150110;0.010000;8
150110;0.005000;8
150110;0.002000;8
150210;0.050000;8
150210;0.010000;8
150210;0.005000;8
150310;0.050000;8
150310;0.020000;8
150310;0.005000;8
150310;0.002000;8
150410;0.050000;8
150410;0.020000;8
150410;0.002000;8
150410;0.001000;8
150510;0.020000;8
150510;0.010000;8
150510;0.005000;8
150510;0.002000;8
150610;0.020000;8
150610;0.010000;8
150710;0.050000;8
150710;0.002000;8
150810;0.050000;8
150810;0.020000;8
150810;0.005000;8
150810;0.002000;8
150910;0.050000;8
150910;0.010000;8
150910;0.005000;8
150910;0.002000;8
150910;0.001000;8
151010;0.020000;8
151010;0.005000;8
151010;0.001000;8
151110;0.005000;8
151110;0.002000;8
151210;0.050000;8
151210;0.020000;8
151210;0.010000;8
151310;0.020000;8
151310;0.002000;8
151310;0.001000;8
151410;0.050000;8
151410;0.010000;8
151410;0.002000;8
151410;0.001000;8
151510;0.002000;8
151610;0.020000;8
151610;0.010000;8
151610;0.002000;8
151610;0.001000;8
151710;0.002000;8
151710;0.001000;8
151810;0.020000;8
151810;0.002000;8
151810;0.001000;8
151910;0.020000;8
151910;0.005000;8
151910;0.001000;8
152010;0.020000;8
152010;0.010000;8
152010;0.005000;8
152010;0.001000;8
152110;0.050000;8
152110;0.020000;8
152110;0.010000;8
152110;0.001000;8
152210;0.050000;8
152210;0.020000;8
152210;0.001000;8
152310;0.020000;8
152310;0.010000;8
152310;0.005000;8
152410;0.050000;8
152410;0.002000;8
152410;0.001000;8
152510;0.005000;8
152510;0.001000;8
152610;0.050000;8
152610;0.010000;8
152710;0.020000;8
152710;0.001000;8
152810;0.050000;8
152810;0.005000;8
152910;0.005000;8
152910;0.002000;8
152910;0.001000;8
153010;0.010000;8
153010;0.005000;8
153010;0.001000;8
153110;0.050000;8
153110;0.020000;8
153210;0.020000;8
153210;0.010000;8
153210;0.005000;8
153210;0.001000;8
153310;0.050000;8
153310;0.002000;8
153410;0.050000;8
153410;0.020000;8
153510;0.010000;8
153610;0.010000;8
153610;0.005000;8
153610;0.001000;8
153710;0.002000;8
153810;0.020000;8
153810;0.010000;8
153910;0.050000;8
153910;0.005000;8
153910;0.002000;8
154010;0.020000;8
154010;0.010000;8
154110;0.050000;8
154110;0.020000;8
154110;0.005000;8
154110;0.001000;8
154210;0.020000;8
154210;0.002000;8
154310;0.010000;8
154410;0.050000;8
154410;0.005000;8
154410;0.002000;8
154410;0.001000;8
154510;0.050000;8
154510;0.001000;8
154610;0.050000;8
154610;0.005000;8
154610;0.002000;8
154610;0.001000;8
154710;0.010000;8
154710;0.005000;8
154710;0.002000;8
154810;0.050000;8
154810;0.005000;8
154910;0.050000;8
154910;0.010000;8
154910;0.005000;8
155010;0.020000;8
155010;0.010000;8
155010;0.005000;8
155010;0.002000;8
155010;0.001000;8
155110;0.010000;8
155110;0.005000;8
155110;0.002000;8
155110;0.001000;8
155210;0.020000;8
155210;0.010000;8
155210;0.005000;8
155210;0.002000;8
155310;0.050000;8
155310;0.020000;8
155310;0.010000;8
155410;0.005000;8
155510;0.050000;8
155510;0.020000;8
155510;0.005000;8
155510;0.001000;8
155610;0.050000;8
155610;0.020000;8
155610;0.010000;8
155610;0.001000;8
155710;0.050000;8
155710;0.001000;8
155810;0.020000;8
155810;0.005000;8
155910;0.050000;8
155910;0.020000;8
155910;0.010000;8
155910;0.001000;8
156010;0.050000;8
156010;0.001000;8
156110;0.05