1000 0.009706 0.000452 0.000000
2000 0.010111 0.000932 0.000000
3000 0.009810 0.001323 0.000000
4000 0.009764 0.001691 0.000001
5000 0.010328 0.002133 0.000017
6000 0.010243 0.002549 0.000049
7000 0.010143 0.002759 0.000110
8000 0.010310 0.003233 0.000177
9000 0.010061 0.003537 0.000290
10000 0.009763 0.003593 0.000423
11000 0.009880 0.003947 0.000545
12000 0.010241 0.004421 0.000689
13000 0.009995 0.004484 0.000864
14000 0.010095 0.004773 0.001157
15000 0.010215 0.005163 0.001239
16000 0.010107 0.005250 0.001393
17000 0.009830 0.005231 0.001606
18000 0.010084 0.005669 0.001754
19000 0.010099 0.005789 0.001855
20000 0.009808 0.005719 0.002091
21000 0.009978 0.006087 0.002252
22000 0.009944 0.006105 0.002392
23000 0.009895 0.006403 0.002540
24000 0.010077 0.006534 0.002665
25000 0.009937 0.006601 0.002975
26000 0.009944 0.006801 0.003008
27000 0.009955 0.006962 0.003156
28000 0.010066 0.007051 0.003330
29000 0.010060 0.007250 0.003377
30000 0.009954 0.007275 0.003508
31000 0.010241 0.007554 0.003683
32000 0.010278 0.007652 0.003820
33000 0.009967 0.007535 0.003828
34000 0.010052 0.007698 0.003903
35000 0.009997 0.007720 0.004048
36000 0.010067 0.007868 0.004332
37000 0.010125 0.008008 0.004267
38000 0.010012 0.008023 0.004350
39000 0.010102 0.008113 0.004460
40000 0.009957 0.007967 0.004571
41000 0.009972 0.008126 0.004682
42000 0.010116 0.008311 0.004870
43000 0.010082 0.008288 0.004697
44000 0.010061 0.008377 0.004902
45000 0.010108 0.008494 0.004985
46000 0.010229 0.008649 0.005136
47000 0.009942 0.008455 0.005177
48000 0.010120 0.008625 0.005175
49000 0.010234 0.008787 0.005338
50000 0.010043 0.008637 0.005283
51000 0.010141 0.008793 0.005459
52000 0.009980 0.008704 0.005559
53000 0.010113 0.008849 0.005558
54000 0.009951 0.008751 0.005580
55000 0.010107 0.008889 0.005730
56000 0.010118 0.008954 0.005704
57000 0.010143 0.009047 0.005802
58000 0.010255 0.009119 0.005770
59000 0.010020 0.009014 0.005931
60000 0.010088 0.008991 0.005939
61000 0.010129 0.009087 0.005896
62000 0.009946 0.008931 0.006049
63000 0.010323 0.009350 0.006102
64000 0.010018 0.009109 0.006057
65000 0.009971 0.009020 0.006103
66000 0.010007 0.009162 0.006168
67000 0.009849 0.008968 0.006244
68000 0.010151 0.009338 0.006235
69000 0.010277 0.009453 0.006427
70000 0.010024 0.009230 0.006297
71000 0.010139 0.009395 0.006597
72000 0.010245 0.009489 0.006587
73000 0.010104 0.009348 0.006672
74000 0.009800 0.009159 0.006323
75000 0.010071 0.009347 0.006559
76000 0.010130 0.009462 0.006584
77000 0.009967 0.009339 0.006683
78000 0.009992 0.009377 0.006864
79000 0.010182 0.009541 0.006750
80000 0.010027 0.009404 0.006621
81000 0.009975 0.009400 0.006744
82000 0.009881 0.009296 0.006709
83000 0.009952 0.009379 0.006746
84000 0.010167 0.009634 0.006897
85000 0.010043 0.009508 0.006899
86000 0.010022 0.009468 0.007081
87000 0.010139 0.009624 0.007073
88000 0.010172 0.009701 0.006951
89000 0.009902 0.009413 0.006968
90000 0.009975 0.009491 0.006925
91000 0.009975 0.009543 0.006981
92000 0.010191 0.009710 0.007151
93000 0.009974 0.009470 0.007069
94000 0.010220 0.009789 0.007251
95000 0.010033 0.009533 0.007227
96000 0.009969 0.009517 0.007032
97000 0.009949 0.009544 0.007251
98000 0.009998 0.009575 0.007062
99000 0.010205 0.009791 0.007154
100000 0.010096 0.009663 0.007228
101000 0.010208 0.009811 0.007378
102000 0.010203 0.009866 0.007354
103000 0.009926 0.009544 0.007394
104000 0.010169 0.009779 0.007356
105000 0.010096 0.009727 0.007372
106000 0.010176 0.009814 0.007461
107000 0.010174 0.009842 0.007447
108000 0.010072 0.009747 0.007455
109000 0.010233 0.009877 0.007595
110000 0.009979 0.009638 0.007542
111000 0.010039 0.009733 0.007567
112000 0.010070 0.009767 0.007591
113000 0.010046 0.009756 0.007602
114000 0.010041 0.009738 0.007558
115000 0.010197 0.009888 0.007679
116000 0.009916 0.009654 0.007632
117000 0.010016 0.009695 0.007579
118000 0.010227 0.009946 0.007735
119000 0.010083 0.009802 0.007863
120000 0.009907 0.009655 0.007687
121000 0.009903 0.009671 0.007791
122000 0.009995 0.009768 0.007878
123000 0.010094 0.009840 0.007696
124000 0.010137 0.009898 0.007963
125000 0.009895 0.009654 0.007771
126000 0.010314 0.010061 0.007763
127000 0.010076 0.009857 0.007859
128000 0.009812 0.009595 0.007808
129000 0.010245 0.009991 0.007889
130000 0.010063 0.009840 0.007877
131000 0.009930 0.009719 0.007873
132000 0.010058 0.009836 0.007873
133000 0.010296 0.010116 0.007862
134000 0.009911 0.009729 0.007846
135000 0.010117 0.009933 0.007923
136000 0.009984 0.009756 0.008120
137000 0.009958 0.009749 0.008076
138000 0.010101 0.009893 0.008008
139000 0.010000 0.009825 0.007967
140000 0.009991 0.009826 0.007878
141000 0.009944 0.009752 0.007903
142000 0.010168 0.009994 0.008051
143000 0.009956 0.009782 0.008020
144000 0.010207 0.010028 0.008123
145000 0.010094 0.009917 0.008226
146000 0.010012 0.009842 0.008047
147000 0.010083 0.009938 0.008287
148000 0.010077 0.009905 0.008046
149000 0.010028 0.009877 0.008029
150000 0.010058 0.009893 0.008000
151000 0.009999 0.009842 0.008040
152000 0.009955 0.009814 0.008193
153000 0.010198 0.010054 0.008238
154000 0.010209 0.010078 0.008186
155000 0.009993 0.009886 0.008136
156000 0.009859 0.009709 0.008158
157000 0.010107 0.009979 0.008186
158000 0.009848 0.009752 0.008335
159000 0.010196 0.010075 0.008013
160000 0.010164 0.010024 0.008182
161000 0.010132 0.010005 0.008136
162000 0.010007 0.009879 0.008220
163000 0.010108 0.009988 0.008180
164000 0.010073 0.009949 0.008511
165000 0.010063 0.009944 0.008302
166000 0.010193 0.010091 0.008303
167000 0.009898 0.009779 0.008465
168000 0.009958 0.009856 0.008262
169000 0.010087 0.010006 0.008507
170000 0.009970 0.009876 0.008361
171000 0.009824 0.009735 0.008331
172000 0.010175 0.010070 0.008188
173000 0.009917 0.009815 0.008502
174000 0.010117 0.010023 0.008285
175000 0.009993 0.009912 0.008204
176000 0.010100 0.010004 0.008466
177000 0.010124 0.010019 0.008555
178000 0.009965 0.009886 0.008365
179000 0.009990 0.009877 0.008408
180000 0.010104 0.010006 0.008390
181000 0.009789 0.009702 0.008446
182000 0.009966 0.009859 0.008254
183000 0.010140 0.010045 0.008372
184000 0.010176 0.010103 0.008496
185000 0.010113 0.010039 0.008442
186000 0.009910 0.009848 0.008451
187000 0.009878 0.009815 0.008407
188000 0.010059 0.009978 0.008445
189000 0.009998 0.009899 0.008581
190000 0.010030 0.009965 0.008427
191000 0.010141 0.010056 0.008475
192000 0.010225 0.010134 0.008557
193000 0.010124 0.010058 0.008447
194000 0.010227 0.010175 0.008502
195000 0.010271 0.010201 0.008437
196000 0.010153 0.010081 0.008581
197000 0.009897 0.009838 0.008430
198000 0.010168 0.010089 0.008607
199000 0.009971 0.009905 0.008680
200000 0.009979 0.009928 0.008551
201000 0.010035 0.009970 0.008672
202000 0.010074 0.010016 0.008694
203000 0.010075 0.010021 0.008665
204000 0.009928 0.009857 0.008593
205000 0.010096 0.010058 0.008479
206000 0.010099 0.010048 0.008674
207000 0.010213 0.010158 0.008507
208000 0.009915 0.009850 0.008617
209000 0.010092 0.010018 0.008487
210000 0.010119 0.010066 0.008505
211000 0.009801 0.009753 0.008601
212000 0.010090 0.010047 0.008621
213000 0.009765 0.009737 0.008726
214000 0.010104 0.010051 0.008698
215000 0.010106 0.010062 0.008643
216000 0.010185 0.010134 0.008719
217000 0.009925 0.009884 0.008501
218000 0.009971 0.009926 0.008478
219000 0.009946 0.009903 0.008807
220000 0.010094 0.010036 0.008797
221000 0.010415 0.010366 0.008610
222000 0.010024 0.009978 0.008796
223000 0.010261 0.010210 0.008634
224000 0.010125 0.010081 0.008753
225000 0.010071 0.010027 0.008626
226000 0.010026 0.009986 0.008616
227000 0.010045 0.010003 0.008792
228000 0.010040 0.010000 0.008718
229000 0.009879 0.009842 0.008795
230000 0.010088 0.010035 0.008790
231000 0.010263 0.010218 0.008710
232000 0.010100 0.010076 0.008668
233000 0.010020 0.009993 0.008728
234000 0.010171 0.010132 0.008824
235000 0.009910 0.009882 0.008753
236000 0.009941 0.009899 0.008962
237000 0.010102 0.010071 0.008691
238000 0.009991 0.009959 0.008757
239000 0.010033 0.009999 0.008840
240000 0.009933 0.009911 0.008803
241000 0.010005 0.009963 0.008784
242000 0.009927 0.009910 0.008927
243000 0.009989 0.009976 0.008754
244000 0.010122 0.010089 0.008631
245000 0.010192 0.010155 0.008747
246000 0.009897 0.009870 0.008782
247000 0.010060 0.010024 0.008866
248000 0.010036 0.009997 0.008773
249000 0.009877 0.009863 0.008939
250000 0.009964 0.009933 0.008947
251000 0.009995 0.009967 0.008778
252000 0.010118 0.010092 0.008896
253000 0.009985 0.009960 0.008653
254000 0.009972 0.009952 0.008983
255000 0.009957 0.009937 0.008957
256000 0.010140 0.010105 0.008715
257000 0.009983 0.009961 0.008647
258000 0.009964 0.009931 0.008966
259000 0.010124 0.010103 0.008883
260000 0.010057 0.010032 0.008831
261000 0.009943 0.009928 0.008836
262000 0.010027 0.009999 0.008749
263000 0.010028 0.010005 0.008872
264000 0.010133 0.010107 0.008965
265000 0.010118 0.010109 0.008914
266000 0.009936 0.009922 0.008913
267000 0.009924 0.009907 0.009052
268000 0.010179 0.010158 0.008731
269000 0.009989 0.009971 0.008884
270000 0.009988 0.009964 0.008959
271000 0.010096 0.010078 0.008982
272000 0.009860 0.009835 0.009132
273000 0.009856 0.009834 0.008988
274000 0.009933 0.009910 0.008897
275000 0.009954 0.009946 0.008834
276000 0.010012 0.010004 0.008970
277000 0.010289 0.010257 0.009029
278000 0.010100 0.010089 0.008981
279000 0.010176 0.010164 0.009046
280000 0.010107 0.010093 0.009297
281000 0.010132 0.010113 0.008975
282000 0.010223 0.010214 0.008898
283000 0.010180 0.010165 0.008891
284000 0.010117 0.010110 0.008746
285000 0.009936 0.009916 0.008863
286000 0.010066 0.010050 0.008870
287000 0.010295 0.010283 0.009000
288000 0.010038 0.010010 0.008817
289000 0.010024 0.010011 0.008740
290000 0.009944 0.009920 0.008938
291000 0.010231 0.010206 0.009018
292000 0.010126 0.010110 0.009073
293000 0.010156 0.010147 0.009021
294000 0.009973 0.009953 0.008939
295000 0.009983 0.009969 0.008960
296000 0.010163 0.010139 0.009098
297000 0.009991 0.009977 0.009071
298000 0.010014 0.010001 0.009057
299000 0.010138 0.010124 0.008993
300000 0.010133 0.010106 0.009103
301000 0.010059 0.010052 0.009219
302000 0.009847 0.009835 0.009014
303000 0.010141 0.010133 0.009070
304000 0.009901 0.009884 0.009420
305000 0.010266 0.010246 0.009047
306000 0.009921 0.009915 0.009082
307000 0.010195 0.010179 0.009094
308000 0.010233 0.010218 0.009175
309000 0.009999 0.009980 0.009230
310000 0.009951 0.009943 0.008709
311000 0.010009 0.010001 0.008932
312000 0.010068 0.010061 0.008978
313000 0.010144 0.010134 0.009278
314000 0.010106 0.010086 0.009029
315000 0.009747 0.009739 0.009001
316000 0.010148 0.010132 0.009001
317000 0.009849 0.009832 0.008952
318000 0.010164 0.010148 0.009161
319000 0.009927 0.009924 0.009204
320000 0.010231 0.010213 0.009254
321000 0.010103 0.010096 0.009054
322000 0.009922 0.009912 0.009097
323000 0.010090 0.010078 0.009071
324000 0.010010 0.010006 0.009223
325000 0.010119 0.010107 0.009119
326000 0.010099 0.010083 0.009117
327000 0.010036 0.010030 0.009149
328000 0.010037 0.010031 0.009076
329000 0.009903 0.009899 0.009146
330000 0.010088 0.010079 0.009049
331000 0.010108 0.010094 0.008942
332000 0.010033 0.010018 0.009181
333000 0.009823 0.009819 0.009199
334000 0.010098 0.010090 0.009278
335000 0.010062 0.010051 0.009111
336000 0.009965 0.009962 0.009185
337000 0.010084 0.010078 0.009246
338000 0.009962 0.009958 0.009103
339000 0.010115 0.010107 0.009221
340000 0.010103 0.010098 0.009280
341000 0.010041 0.010036 0.009021
342000 0.010211 0.010205 0.009040
343000 0.009901 0.009889 0.009170
344000 0.009854 0.009851 0.009155
345000 0.009870 0.009856 0.009131
346000 0.009893 0.009884 0.009179
347000 0.010005 0.009989 0.009262
348000 0.010137 0.010127 0.009124
349000 0.010198 0.010195 0.009243
350000 0.010126 0.010122 0.009240
351000 0.010088 0.010082 0.009089
352000 0.010215 0.010204 0.009162
353000 0.009957 0.009951 0.009175
354000 0.010124 0.010118 0.009317
355000 0.009972 0.009967 0.009153
356000 0.009874 0.009865 0.009020
357000 0.009788 0.009782 0.009098
358000 0.010056 0.010050 0.009067
359000 0.010095 0.010083 0.008991
360000 0.010006 0.009998 0.009339
361000 0.010155 0.010146 0.009113
362000 0.009973 0.009964 0.009168
363000 0.010204 0.010196 0.009239
364000 0.009882 0.009881 0.009157
365000 0.009883 0.009876 0.009131
366000 0.010063 0.010060 0.009115
367000 0.009806 0.009795 0.009150
368000 0.009940 0.009932 0.009093
369000 0.010055 0.010049 0.009127
370000 0.010032 0.010024 0.009402
371000 0.010267 0.010262 0.009374
372000 0.009844 0.009839 0.009091
373000 0.010203 0.010199 0.009431
374000 0.010153 0.010147 0.009256
375000 0.010011 0.010005 0.009384
376000 0.010024 0.010019 0.009120
377000 0.010302 0.010300 0.009138
378000 0.010125 0.010124 0.009299
379000 0.010069 0.010066 0.009293
380000 0.010081 0.010074 0.009163
381000 0.010162 0.010158 0.009131
382000 0.010092 0.010089 0.009298
383000 0.009964 0.009958 0.009188
384000 0.010213 0.010209 0.009424
385000 0.010028 0.010020 0.009390
386000 0.010119 0.010116 0.009210
387000 0.009998 0.009998 0.009334
388000 0.009980 0.009975 0.009250
389000 0.009962 0.009959 0.009278
390000 0.009951 0.009944 0.008990
391000 0.010264 0.010261 0.009389
392000 0.010005 0.010005 0.009156
393000 0.010181 0.010170 0.009338
394000 0.009937 0.009936 0.009119
395000 0.010109 0.010107 0.009058
396000 0.010101 0.010094 0.009071
397000 0.009998 0.009992 0.009232
398000 0.010091 0.010088 0.009259
399000 0.010140 0.010136 0.009459
400000 0.010080 0.010078 0.009418
401000 0.010015 0.010010 0.009124
402000 0.010249 0.010246 0.009152
403000 0.010090 0.010087 0.009204
404000 0.010128 0.010126 0.009282
405000 0.010003 0.010000 0.009134
406000 0.009882 0.009880 0.009190
407000 0.010111 0.010105 0.009374
408000 0.010123 0.010120 0.009150
409000 0.009953 0.009951 0.009418
410000 0.010078 0.010076 0.009264
411000 0.010241 0.010236 0.009316
412000 0.010257 0.010255 0.009332
413000 0.010026 0.010020 0.009402
414000 0.010148 0.010145 0.009452
415000 0.010121 0.010118 0.009207
416000 0.010075 0.010072 0.009276
417000 0.009966 0.009962 0.009254
418000 0.010309 0.010304 0.009388
419000 0.010017 0.010017 0.009251
420000 0.010141 0.010140 0.009260
421000 0.010121 0.010117 0.009402
422000 0.009948 0.009943 0.009199
423000 0.010061 0.010061 0.009128
424000 0.010010 0.010005 0.009318
425000 0.010078 0.010077 0.009437
426000 0.009834 0.009833 0.009265
427000 0.010288 0.010286 0.009400
428000 0.010091 0.010091 0.009299
429000 0.009867 0.009865 0.009531
430000 0.009868 0.009868 0.009282
431000 0.010274 0.010271 0.009197
432000 0.009882 0.009875 0.009366
433000 0.010056 0.010055 0.009282
434000 0.009954 0.009945 0.009002
435000 0.009726 0.009722 0.009469
436000 0.009998 0.009993 0.009468
437000 0.010400 0.010398 0.009309
438000 0.010174 0.010169 0.009388
439000 0.009916 0.009914 0.009242
440000 0.010070 0.010068 0.009059
441000 0.010304 0.010304 0.009261
442000 0.009694 0.009694 0.009323
443000 0.010189 0.010189 0.009447
444000 0.009941 0.009941 0.009469
445000 0.010045 0.010040 0.009252
446000 0.010029 0.010023 0.009464
447000 0.009966 0.009964 0.009541
448000 0.010121 0.010116 0.009315
449000 0.010230 0.010229 0.009566
450000 0.010215 0.010213 0.009385
451000 0.010027 0.010024 0.009177
452000 0.010235 0.010230 0.009372
453000 0.010016 0.010013 0.009276
454000 0.009951 0.009951 0.009412
455000 0.010035 0.010031 0.009530
456000 0.009994 0.009993 0.009011
457000 0.010092 0.010088 0.009429
458000 0.010260 0.010260 0.009526
459000 0.010216 0.010214 0.009429
460000 0.010189 0.010183 0.009148
461000 0.009853 0.009852 0.009449
462000 0.010279 0.010279 0.009383
463000 0.010022 0.010022 0.009104
464000 0.010131 0.010125 0.009451
465000 0.010234 0.010228 0.009198
466000 0.009830 0.009830 0.009339
467000 0.010182 0.010182 0.009435
468000 0.010021 0.010019 0.009132
469000 0.009974 0.009972 0.009522
470000 0.010287 0.010283 0.009328
471000 0.009900 0.009898 0.009459
472000 0.010227 0.010225 0.009413
473000 0.010194 0.010192 0.009550
474000 0.010103 0.010103 0.009380
475000 0.010261 0.010259 0.009505
476000 0.010031 0.010031 0.009500
477000 0.010136 0.010134 0.009468
478000 0.009950 0.009948 0.009366
479000 0.009908 0.009908 0.009438
480000 0.009863 0.009862 0.009550
481000 0.009900 0.009896 0.009345
482000 0.009965 0.009959 0.009264
483000 0.009928 0.009928 0.009489
484000 0.009961 0.009955 0.009498
485000 0.009905 0.009903 0.009404
486000 0.009953 0.009944 0.009418
487000 0.010271 0.010271 0.009464
488000 0.010104 0.010104 0.009516
489000 0.010235 0.010233 0.009624
490000 0.010143 0.010139 0.009298
491000 0.009974 0.009972 0.009493
492000 0.009927 0.009925 0.009435
493000 0.009931 0.009919 0.009479
494000 0.009966 0.009964 0.009601
495000 0.010208 0.010204 0.009408
496000 0.010204 0.010202 0.009214
497000 0.009907 0.009903 0.009370
498000 0.010106 0.010106 0.009456
499000 0.010024 0.010024 0.009577
