1000 0.051397 0.017187 0.000000
2000 0.049915 0.028442 0.000000
3000 0.051811 0.036716 0.000002
4000 0.050405 0.040014 0.000016
5000 0.051415 0.044704 0.000070
6000 0.050431 0.045852 0.000262
7000 0.051170 0.048316 0.000515
8000 0.050511 0.048311 0.001045
9000 0.050101 0.048605 0.001623
10000 0.049811 0.048879 0.002165
11000 0.050800 0.050049 0.002876
12000 0.049594 0.049105 0.003647
13000 0.050226 0.049829 0.004352
14000 0.050997 0.050689 0.005329
15000 0.050053 0.049785 0.006050
16000 0.050213 0.050140 0.006927
17000 0.049910 0.049789 0.008002
18000 0.050326 0.050205 0.008579
19000 0.050432 0.050349 0.009650
20000 0.050216 0.050154 0.010567
21000 0.049671 0.049654 0.011261
22000 0.050719 0.050706 0.012045
23000 0.050089 0.050079 0.012576
24000 0.050007 0.049992 0.013270
25000 0.050451 0.050418 0.014154
26000 0.050397 0.050390 0.014961
27000 0.050337 0.050328 0.015734
28000 0.050315 0.050306 0.016290
29000 0.050485 0.050477 0.016786
30000 0.049914 0.049909 0.017774
31000 0.050246 0.050244 0.018391
32000 0.050171 0.050160 0.018907
33000 0.049914 0.049908 0.019203
34000 0.050145 0.050141 0.019894
35000 0.050223 0.050222 0.020226
36000 0.050071 0.050061 0.020704
37000 0.050144 0.050140 0.021125
38000 0.049364 0.049358 0.022023
39000 0.050536 0.050531 0.022444
40000 0.050031 0.050019 0.022721
41000 0.049856 0.049852 0.023340
42000 0.050065 0.050056 0.023569
43000 0.050024 0.050014 0.024147
44000 0.050649 0.050643 0.024762
45000 0.049978 0.049970 0.025016
46000 0.050125 0.050121 0.025394
47000 0.050632 0.050626 0.025548
48000 0.050342 0.050341 0.026417
49000 0.050327 0.050321 0.026063
50000 0.050419 0.050404 0.026882
51000 0.050253 0.050249 0.026843
52000 0.050175 0.050168 0.027311
53000 0.050175 0.050172 0.027511
54000 0.049952 0.049949 0.028013
55000 0.050453 0.050448 0.027926
56000 0.050185 0.050181 0.028226
57000 0.050298 0.050287 0.028536
58000 0.050376 0.050373 0.029175
59000 0.050742 0.050735 0.029136
60000 0.050220 0.050210 0.029160
61000 0.050432 0.050427 0.030132
62000 0.050141 0.050140 0.030049
63000 0.050039 0.050036 0.030665
64000 0.050330 0.050327 0.030970
65000 0.050493 0.050491 0.030548
66000 0.050416 0.050414 0.030967
67000 0.050146 0.050141 0.031352
68000 0.050052 0.050044 0.031155
69000 0.050049 0.050048 0.031363
70000 0.049934 0.049933 0.032040
71000 0.050776 0.050772 0.032216
72000 0.050435 0.050432 0.032444
73000 0.050145 0.050142 0.032812
74000 0.050201 0.050200 0.033125
75000 0.050219 0.050217 0.033265
76000 0.050293 0.050288 0.033030
77000 0.050150 0.050145 0.033200
78000 0.050752 0.050751 0.033048
79000 0.050331 0.050328 0.033504
80000 0.049784 0.049774 0.033913
81000 0.049842 0.049839 0.034071
82000 0.050388 0.050382 0.034112
83000 0.050811 0.050808 0.034112
84000 0.050168 0.050168 0.034359
85000 0.050225 0.050222 0.034264
86000 0.050251 0.050248 0.034410
87000 0.050564 0.050561 0.034737
88000 0.050465 0.050463 0.035137
89000 0.050116 0.050114 0.034998
90000 0.049771 0.049770 0.035345
91000 0.050925 0.050924 0.034937
92000 0.049850 0.049849 0.035639
93000 0.049947 0.049945 0.035815
94000 0.049830 0.049825 0.035783
95000 0.050065 0.050061 0.036177
96000 0.050530 0.050525 0.036034
97000 0.050498 0.050497 0.035852
98000 0.050382 0.050377 0.036082
99000 0.049656 0.049655 0.036615
100000 0.050556 0.050554 0.036619
101000 0.050294 0.050294 0.036685
102000 0.050124 0.050118 0.036579
103000 0.050303 0.050297 0.037210
104000 0.050227 0.050224 0.036757
105000 0.050465 0.050461 0.036932
106000 0.050683 0.050681 0.036956
107000 0.049974 0.049974 0.037208
108000 0.049758 0.049756 0.037358
109000 0.050011 0.050011 0.038013
110000 0.050292 0.050291 0.037549
111000 0.050217 0.050216 0.038251
112000 0.050630 0.050628 0.037557
113000 0.050539 0.050539 0.037803
114000 0.050722 0.050722 0.037819
115000 0.050045 0.050044 0.037988
116000 0.050040 0.050038 0.038131
117000 0.050593 0.050592 0.038198
118000 0.050424 0.050424 0.038797
119000 0.050384 0.050379 0.038893
120000 0.049872 0.049872 0.038344
121000 0.050213 0.050210 0.038714
122000 0.050220 0.050215 0.038854
123000 0.050669 0.050666 0.039245
124000 0.050022 0.050022 0.038936
125000 0.050323 0.050323 0.038995
126000 0.050492 0.050491 0.039043
127000 0.050238 0.050237 0.039442
128000 0.050622 0.050619 0.039143
129000 0.050635 0.050635 0.039164
130000 0.050323 0.050323 0.039774
131000 0.050180 0.050180 0.039902
132000 0.050442 0.050441 0.039703
133000 0.050501 0.050499 0.039775
134000 0.050314 0.050314 0.040020
135000 0.050409 0.050406 0.039698
136000 0.050604 0.050604 0.040097
137000 0.050231 0.050227 0.039851
138000 0.050316 0.050316 0.040249
139000 0.050427 0.050427 0.039778
140000 0.050053 0.050052 0.040584
141000 0.050598 0.050597 0.040236
142000 0.050862 0.050861 0.040016
143000 0.050348 0.050347 0.040107
144000 0.050424 0.050423 0.040679
145000 0.050080 0.050078 0.040468
146000 0.050637 0.050635 0.040552
147000 0.050492 0.050491 0.040580
148000 0.050505 0.050505 0.040816
149000 0.050489 0.050489 0.040941
150000 0.050302 0.050302 0.040748
151000 0.050473 0.050473 0.041234
152000 0.049578 0.049578 0.040574
153000 0.050608 0.050606 0.040861
154000 0.050090 0.050090 0.040900
155000 0.050176 0.050176 0.041279
156000 0.050050 0.050050 0.041967
157000 0.050413 0.050410 0.041330
158000 0.050052 0.050051 0.041210
159000 0.050353 0.050351 0.040886
160000 0.050082 0.050079 0.041157
161000 0.050502 0.050502 0.041733
162000 0.050857 0.050857 0.041820
163000 0.050315 0.050315 0.041614
164000 0.049877 0.049877 0.041283
165000 0.050044 0.050041 0.041477
166000 0.050193 0.050193 0.041222
167000 0.050118 0.050115 0.041496
168000 0.050123 0.050123 0.041331
169000 0.050060 0.050059 0.041768
170000 0.050278 0.050278 0.042069
171000 0.050388 0.050388 0.042057
172000 0.050471 0.050471 0.042122
173000 0.050449 0.050447 0.042045
174000 0.050672 0.050672 0.042268
175000 0.050102 0.050102 0.042635
176000 0.050649 0.050649 0.041746
177000 0.050310 0.050307 0.042225
178000 0.050380 0.050373 0.042122
179000 0.050351 0.050351 0.041756
180000 0.050032 0.050032 0.042860
181000 0.050492 0.050490 0.042254
182000 0.050262 0.050259 0.042556
183000 0.049993 0.049993 0.042233
184000 0.050342 0.050339 0.042271
185000 0.050652 0.050652 0.042459
186000 0.049896 0.049893 0.042816
187000 0.050176 0.050175 0.042412
188000 0.050102 0.050102 0.042319
189000 0.050444 0.050444 0.042284
190000 0.050243 0.050243 0.042942
191000 0.050464 0.050462 0.042894
192000 0.050368 0.050368 0.042317
193000 0.050330 0.050330 0.042620
194000 0.050388 0.050385 0.042919
195000 0.050499 0.050499 0.042959
196000 0.050371 0.050367 0.042836
197000 0.050132 0.050131 0.042837
198000 0.050353 0.050353 0.042597
199000 0.050201 0.050201 0.043152
200000 0.049981 0.049981 0.042917
201000 0.049949 0.049945 0.043611
202000 0.050566 0.050565 0.043269
203000 0.050261 0.050260 0.043295
204000 0.050183 0.050183 0.043236
205000 0.050216 0.050216 0.043399
206000 0.050118 0.050118 0.043429
207000 0.050267 0.050267 0.043817
208000 0.049946 0.049943 0.043148
209000 0.050154 0.050154 0.043571
210000 0.050257 0.050256 0.043513
211000 0.050053 0.050053 0.043521
212000 0.050118 0.050118 0.044003
213000 0.050165 0.050165 0.043302
214000 0.050146 0.050146 0.043692
215000 0.050020 0.050020 0.043696
216000 0.050503 0.050503 0.043714
217000 0.050033 0.050033 0.043566
218000 0.049839 0.049839 0.043139
219000 0.050538 0.050536 0.043776
220000 0.050281 0.050278 0.043410
221000 0.050325 0.050325 0.043737
222000 0.050278 0.050278 0.043835
223000 0.050035 0.050035 0.044418
224000 0.050521 0.050521 0.043482
225000 0.050449 0.050446 0.043926
226000 0.050364 0.050364 0.044355
227000 0.050084 0.050082 0.043900
228000 0.050549 0.050549 0.043470
229000 0.050105 0.050105 0.044397
230000 0.050152 0.050152 0.044200
231000 0.050873 0.050873 0.043971
232000 0.050585 0.050585 0.044069
233000 0.050151 0.050151 0.043836
234000 0.050333 0.050333 0.044076
235000 0.050307 0.050307 0.044229
236000 0.050732 0.050732 0.043866
237000 0.050511 0.050511 0.044299
238000 0.050186 0.050186 0.043814
239000 0.050150 0.050150 0.044611
240000 0.050011 0.050009 0.044287
241000 0.050115 0.050115 0.044378
242000 0.050154 0.050154 0.044148
243000 0.050151 0.050151 0.044675
244000 0.050087 0.050087 0.044544
245000 0.050299 0.050299 0.044568
246000 0.050259 0.050259 0.043775
247000 0.050118 0.050118 0.044215
248000 0.050358 0.050358 0.044624
249000 0.050202 0.050202 0.044786
250000 0.050027 0.050027 0.044215
251000 0.050569 0.050569 0.044834
252000 0.049846 0.049846 0.044794
253000 0.050074 0.050074 0.044827
254000 0.050209 0.050209 0.044611
255000 0.050538 0.050538 0.044744
256000 0.050973 0.050973 0.044634
257000 0.050614 0.050614 0.044564
258000 0.050026 0.050026 0.044771
259000 0.050498 0.050498 0.044833
260000 0.050072 0.050072 0.045091
261000 0.050379 0.050379 0.045211
262000 0.050141 0.050141 0.044985
263000 0.050563 0.050563 0.044973
264000 0.049939 0.049939 0.044939
265000 0.050646 0.050646 0.044967
266000 0.050514 0.050514 0.045124
267000 0.050310 0.050310 0.044578
268000 0.050671 0.050671 0.044863
269000 0.049971 0.049971 0.045112
270000 0.050248 0.050248 0.044749
271000 0.050385 0.050385 0.044874
272000 0.050595 0.050595 0.045220
273000 0.049893 0.049893 0.044939
274000 0.050382 0.050382 0.045292
275000 0.050211 0.050211 0.044977
276000 0.049816 0.049816 0.045494
277000 0.050239 0.050239 0.045389
278000 0.050247 0.050247 0.045151
279000 0.049759 0.049759 0.045200
280000 0.050112 0.050112 0.045239
281000 0.050242 0.050242 0.045107
282000 0.050632 0.050632 0.044974
283000 0.049881 0.049881 0.045287
284000 0.050237 0.050237 0.045831
285000 0.050192 0.050192 0.044750
286000 0.050115 0.050115 0.044930
287000 0.050693 0.050693 0.045158
288000 0.050340 0.050333 0.045027
289000 0.050499 0.050499 0.045162
290000 0.050528 0.050528 0.045020
291000 0.050312 0.050312 0.045492
292000 0.050319 0.050319 0.045475
293000 0.050209 0.050209 0.045399
294000 0.050390 0.050390 0.045006
295000 0.050277 0.050277 0.045674
296000 0.049878 0.049878 0.045415
297000 0.050330 0.050330 0.044994
298000 0.050352 0.050352 0.045803
299000 0.050679 0.050679 0.045327
300000 0.050353 0.050353 0.045446
301000 0.049793 0.049793 0.045674
302000 0.050494 0.050494 0.045324
303000 0.050330 0.050329 0.045829
304000 0.050869 0.050869 0.045303
305000 0.050610 0.050610 0.046200
306000 0.049862 0.049862 0.046052
307000 0.050541 0.050541 0.045765
308000 0.049506 0.049506 0.045736
309000 0.050562 0.050562 0.045799
310000 0.050371 0.050371 0.045201
311000 0.050125 0.050125 0.045614
312000 0.050158 0.050158 0.045318
313000 0.050357 0.050357 0.045384
314000 0.050469 0.050469 0.045251
315000 0.050596 0.050596 0.045847
316000 0.050173 0.050173 0.045902
317000 0.049810 0.049810 0.045545
318000 0.050345 0.050345 0.045270
319000 0.050445 0.050445 0.045872
320000 0.050426 0.050426 0.046532
321000 0.050056 0.050056 0.045726
322000 0.050299 0.050299 0.045889
323000 0.049177 0.049177 0.046214
324000 0.050453 0.050453 0.045731
325000 0.049741 0.049741 0.046055
326000 0.050071 0.050068 0.045893
327000 0.050152 0.050152 0.045574
328000 0.050472 0.050472 0.045751
329000 0.050356 0.050356 0.045256
330000 0.050260 0.050260 0.045766
331000 0.050683 0.050683 0.045694
332000 0.050825 0.050825 0.045501
333000 0.049856 0.049856 0.045754
334000 0.049841 0.049841 0.045776
335000 0.050786 0.050786 0.046326
336000 0.049932 0.049932 0.046200
337000 0.050400 0.050400 0.045857
338000 0.050459 0.050459 0.046150
339000 0.050581 0.050581 0.046153
340000 0.050288 0.050288 0.046286
341000 0.050473 0.050473 0.046734
342000 0.050384 0.050384 0.046021
343000 0.050285 0.050285 0.046234
344000 0.050806 0.050806 0.045889
345000 0.050211 0.050211 0.046111
346000 0.049735 0.049735 0.046214
347000 0.050106 0.050106 0.046381
348000 0.049891 0.049891 0.046250
349000 0.049836 0.049836 0.045502
350000 0.050189 0.050189 0.046028
351000 0.050542 0.050542 0.045998
352000 0.050628 0.050628 0.046684
353000 0.050153 0.050153 0.046218
354000 0.050170 0.050170 0.046254
355000 0.050608 0.050608 0.046437
356000 0.050539 0.050539 0.046368
357000 0.050392 0.050392 0.046407
358000 0.050002 0.050002 0.046125
359000 0.050181 0.050181 0.046314
360000 0.050581 0.050581 0.046566
361000 0.050709 0.050709 0.046396
362000 0.050273 0.050273 0.046627
363000 0.050210 0.050210 0.046308
364000 0.050214 0.050214 0.046948
365000 0.049630 0.049630 0.046066
366000 0.050446 0.050446 0.046732
367000 0.050324 0.050324 0.046237
368000 0.050301 0.050301 0.046484
369000 0.050390 0.050390 0.046468
370000 0.050440 0.050440 0.046448
371000 0.049865 0.049865 0.046509
372000 0.050315 0.050315 0.046527
373000 0.049815 0.049815 0.046258
374000 0.049947 0.049947 0.046267
375000 0.050197 0.050197 0.046515
376000 0.050643 0.050643 0.046163
377000 0.050430 0.050430 0.046384
378000 0.050328 0.050328 0.046309
379000 0.049948 0.049948 0.046929
380000 0.050140 0.050140 0.046498
381000 0.050599 0.050599 0.046367
382000 0.050063 0.050063 0.046238
383000 0.050310 0.050310 0.046849
384000 0.050140 0.050140 0.046711
385000 0.050870 0.050870 0.046446
386000 0.050228 0.050228 0.046397
387000 0.049969 0.049969 0.046863
388000 0.050379 0.050379 0.046984
389000 0.050105 0.050105 0.046854
390000 0.050692 0.050692 0.046661
391000 0.050594 0.050594 0.046406
392000 0.050423 0.050423 0.046969
393000 0.050590 0.050590 0.046743
394000 0.050271 0.050271 0.046556
395000 0.050241 0.050241 0.046350
396000 0.049694 0.049694 0.046690
397000 0.049967 0.049967 0.046783
398000 0.050065 0.050065 0.046882
399000 0.050295 0.050295 0.046671
400000 0.050248 0.050248 0.046418
401000 0.050265 0.050265 0.046275
402000 0.050388 0.050388 0.046545
403000 0.050233 0.050233 0.046499
404000 0.049963 0.049963 0.046765
405000 0.050145 0.050145 0.046284
406000 0.050064 0.050064 0.046401
407000 0.050492 0.050492 0.046642
408000 0.050024 0.050024 0.047157
409000 0.050237 0.050237 0.047159
410000 0.049985 0.049985 0.046869
411000 0.050835 0.050835 0.046932
412000 0.050485 0.050485 0.047012
413000 0.050104 0.050104 0.046794
414000 0.050756 0.050756 0.046445
415000 0.050586 0.050586 0.046561
416000 0.050493 0.050493 0.046793
417000 0.049998 0.049998 0.046331
418000 0.050899 0.050899 0.047038
419000 0.049718 0.049718 0.046580
420000 0.049978 0.049978 0.046393
421000 0.050012 0.050012 0.047328
422000 0.050202 0.050202 0.046656
423000 0.050549 0.050549 0.046692
424000 0.050276 0.050276 0.047358
425000 0.050652 0.050650 0.046930
426000 0.050672 0.050672 0.047293
427000 0.050113 0.050113 0.046928
428000 0.050143 0.050143 0.047234
429000 0.049974 0.049974 0.047606
430000 0.050418 0.050418 0.046586
431000 0.050810 0.050810 0.047199
432000 0.050461 0.050461 0.046637
433000 0.050183 0.050183 0.047217
434000 0.050263 0.050263 0.047203
435000 0.050223 0.050223 0.047250
436000 0.050262 0.050262 0.047071
437000 0.050510 0.050510 0.046329
438000 0.049744 0.049744 0.047397
439000 0.050478 0.050478 0.047276
440000 0.050627 0.050627 0.047030
441000 0.050973 0.050973 0.047553
442000 0.050294 0.050294 0.047518
443000 0.050230 0.050230 0.046828
444000 0.049876 0.049876 0.047369
445000 0.050121 0.050121 0.047638
446000 0.050372 0.050372 0.047179
447000 0.049969 0.049969 0.047336
448000 0.049719 0.049719 0.047440
449000 0.050309 0.050309 0.047125
450000 0.050620 0.050620 0.047111
451000 0.050153 0.050153 0.047011
452000 0.049932 0.049932 0.046849
453000 0.050298 0.050298 0.047188
454000 0.050850 0.050850 0.047408
455000 0.050426 0.050426 0.046934
456000 0.050018 0.050018 0.047364
457000 0.050249 0.050249 0.047190
458000 0.049886 0.049886 0.046522
459000 0.050181 0.050181 0.047632
460000 0.050235 0.050235 0.047098
461000 0.050095 0.050095 0.046850
462000 0.050257 0.050257 0.046970
463000 0.049855 0.049855 0.047037
464000 0.050511 0.050511 0.047306
465000 0.050271 0.050271 0.046714
466000 0.050530 0.050530 0.047331
467000 0.050713 0.050713 0.047381
468000 0.050353 0.050353 0.047103
469000 0.050190 0.050190 0.047021
470000 0.050434 0.050434 0.047300
471000 0.050189 0.050189 0.047732
472000 0.050195 0.050195 0.047549
473000 0.050233 0.050233 0.047446
474000 0.049548 0.049548 0.047219
475000 0.050120 0.050120 0.046884
476000 0.049534 0.049534 0.047397
477000 0.050392 0.050392 0.047044
478000 0.050331 0.050331 0.047519
479000 0.049981 0.049981 0.047012
480000 0.050058 0.050058 0.046863
481000 0.050306 0.050306 0.047794
482000 0.050508 0.050508 0.047697
483000 0.050580 0.050580 0.047226
484000 0.050169 0.050169 0.046719
485000 0.049672 0.049672 0.047709
486000 0.050424 0.050424 0.047430
487000 0.049949 0.049949 0.047374
488000 0.049885 0.049885 0.047689
489000 0.049988 0.049988 0.047519
490000 0.050369 0.050369 0.047337
491000 0.050886 0.050886 0.047200
492000 0.050687 0.050687 0.047862
493000 0.049649 0.049649 0.047300
494000 0.049765 0.049765 0.047696
495000 0.050331 0.050331 0.047319
496000 0.049827 0.049827 0.047393
497000 0.050660 0.050660 0.047304
498000 0.050349 0.050349 0.047291
499000 0.050481 0.050481 0.047693
