1000 0.052289 0.044630
2000 0.051240 0.047988
3000 0.050491 0.048201
4000 0.049768 0.050261
5000 0.050144 0.048276
6000 0.050931 0.049453
7000 0.050408 0.049188
8000 0.052097 0.048975
9000 0.050473 0.049087
10000 0.049444 0.049003
11000 0.050328 0.050010
12000 0.050225 0.049591
13000 0.050945 0.050134
14000 0.050551 0.049896
15000 0.049774 0.049518
16000 0.050991 0.050246
17000 0.050287 0.049270
18000 0.050198 0.049882
19000 0.049087 0.049186
20000 0.049913 0.050208
21000 0.050407 0.049834
22000 0.050548 0.050461
23000 0.049708 0.049310
24000 0.050177 0.050417
25000 0.049970 0.050028
26000 0.050499 0.050301
27000 0.049785 0.049767
28000 0.050270 0.049976
29000 0.050747 0.050857
30000 0.049660 0.050421
31000 0.049750 0.049734
32000 0.050196 0.050347
33000 0.050171 0.050190
34000 0.050189 0.050533
35000 0.050205 0.049937
36000 0.050377 0.050006
37000 0.050893 0.050092
38000 0.050624 0.049695
39000 0.050601 0.049975
40000 0.050677 0.050094
41000 0.050034 0.050117
42000 0.050441 0.049851
43000 0.049856 0.050771
44000 0.050281 0.049855
45000 0.050386 0.050875
46000 0.050145 0.050398
47000 0.049815 0.050051
48000 0.050248 0.050037
49000 0.050881 0.049768
50000 0.050608 0.050464
51000 0.050272 0.049985
52000 0.050371 0.049736
53000 0.050061 0.050061
54000 0.050317 0.050277
55000 0.049825 0.050254
56000 0.050121 0.049564
57000 0.050503 0.050727
58000 0.050456 0.050169
59000 0.049800 0.049933
60000 0.050164 0.049996
61000 0.049520 0.049463
62000 0.050192 0.050552
63000 0.049775 0.050282
64000 0.050188 0.050217
65000 0.050267 0.049963
66000 0.050963 0.050269
67000 0.050205 0.050491
68000 0.050460 0.050628
69000 0.050446 0.050262
70000 0.049833 0.050451
71000 0.050343 0.050337
72000 0.049908 0.049805
73000 0.050394 0.050296
74000 0.050463 0.050416
75000 0.050680 0.050370
76000 0.049759 0.050179
77000 0.050040 0.050075
78000 0.050275 0.050167
79000 0.050197 0.049925
80000 0.050078 0.050297
81000 0.050038 0.050171
82000 0.050294 0.049790
83000 0.049839 0.050209
84000 0.050400 0.050298
85000 0.050625 0.050628
86000 0.050379 0.050710
87000 0.050184 0.049773
88000 0.050513 0.050258
89000 0.050317 0.050144
90000 0.050395 0.050119
91000 0.050047 0.050271
92000 0.050823 0.050120
93000 0.051008 0.050547
94000 0.049927 0.050021
95000 0.050690 0.049860
96000 0.050361 0.050436
97000 0.050307 0.049919
98000 0.050347 0.050355
99000 0.049633 0.049859
100000 0.050143 0.050039
101000 0.050050 0.050482
102000 0.050372 0.050029
103000 0.050259 0.050229
104000 0.050238 0.050339
105000 0.050162 0.050372
106000 0.050418 0.049867
107000 0.050329 0.050138
108000 0.050325 0.050388
109000 0.050186 0.050292
110000 0.050443 0.049772
111000 0.050286 0.049807
112000 0.050300 0.050050
113000 0.050205 0.050165
114000 0.050331 0.049703
115000 0.049814 0.050240
116000 0.050378 0.050408
117000 0.050512 0.050246
118000 0.049994 0.050485
119000 0.050611 0.050180
120000 0.049886 0.050030
121000 0.049829 0.050013
122000 0.050237 0.049665
123000 0.050170 0.050228
124000 0.050604 0.050154
125000 0.049909 0.049824
126000 0.050455 0.050442
127000 0.050582 0.051024
128000 0.050142 0.050005
129000 0.049977 0.050749
130000 0.050213 0.050238
131000 0.049876 0.050185
132000 0.050347 0.049944
133000 0.049983 0.050374
134000 0.050119 0.050148
135000 0.050356 0.050487
136000 0.050032 0.050576
137000 0.050261 0.050053
138000 0.050524 0.050138
139000 0.050128 0.050057
140000 0.050179 0.049741
141000 0.050638 0.050467
142000 0.050230 0.050171
143000 0.050543 0.050372
144000 0.050790 0.050056
145000 0.050123 0.050143
146000 0.050133 0.050651
147000 0.050076 0.050736
148000 0.050444 0.050336
149000 0.050492 0.050569
150000 0.050029 0.049851
151000 0.050601 0.050266
152000 0.050192 0.050271
153000 0.050277 0.050202
154000 0.050489 0.050155
155000 0.050249 0.050041
156000 0.050082 0.050307
157000 0.050410 0.050269
158000 0.050002 0.050697
159000 0.050604 0.050652
160000 0.050150 0.050456
161000 0.049591 0.050206
162000 0.050103 0.050795
163000 0.050472 0.049842
164000 0.049919 0.050211
165000 0.050738 0.050199
166000 0.050558 0.049831
167000 0.049886 0.050267
168000 0.050255 0.050313
169000 0.050473 0.050258
170000 0.050225 0.050111
171000 0.050388 0.050356
172000 0.050330 0.050176
173000 0.050573 0.050345
174000 0.050294 0.050404
175000 0.050005 0.050611
176000 0.050484 0.050583
177000 0.049926 0.050288
178000 0.050436 0.050252
179000 0.049999 0.050291
180000 0.050491 0.050530
181000 0.049856 0.050514
182000 0.050774 0.049844
183000 0.050283 0.050081
184000 0.049971 0.050572
185000 0.050121 0.050279
186000 0.050682 0.050700
187000 0.050373 0.049897
188000 0.050167 0.050309
189000 0.050519 0.050195
190000 0.050211 0.050190
191000 0.050260 0.049936
192000 0.050347 0.050099
193000 0.050281 0.050097
194000 0.049940 0.050500
195000 0.050559 0.050579
196000 0.050139 0.050317
197000 0.050298 0.050376
198000 0.049901 0.050418
199000 0.050241 0.050110
200000 0.050371 0.050630
201000 0.050333 0.049845
202000 0.049897 0.050444
203000 0.050286 0.049790
204000 0.050281 0.049966
205000 0.050181 0.049991
206000 0.050382 0.050300
207000 0.050228 0.050238
208000 0.050631 0.050362
209000 0.050044 0.050408
210000 0.050348 0.050376
211000 0.050013 0.050251
212000 0.050159 0.050306
213000 0.050971 0.050186
214000 0.050377 0.050137
215000 0.049882 0.050369
216000 0.050554 0.050509
217000 0.050379 0.050300
218000 0.050477 0.050128
219000 0.050178 0.049932
220000 0.049927 0.050137
221000 0.050235 0.049981
222000 0.049720 0.049796
223000 0.050095 0.050642
224000 0.050403 0.050370
225000 0.050760 0.050076
226000 0.050634 0.050359
227000 0.050484 0.050568
228000 0.050298 0.050267
229000 0.049982 0.050198
230000 0.050243 0.049613
231000 0.050179 0.050164
232000 0.050315 0.050413
233000 0.050047 0.050048
234000 0.050197 0.050307
235000 0.050417 0.050544
236000 0.050322 0.050554
237000 0.049785 0.049919
238000 0.050223 0.050394
239000 0.050325 0.050351
240000 0.050454 0.049854
241000 0.050474 0.050381
242000 0.049984 0.050660
243000 0.050248 0.050807
244000 0.050394 0.050545
245000 0.050377 0.050313
246000 0.050501 0.050227
247000 0.050459 0.050072
248000 0.050438 0.050133
249000 0.051063 0.050546
250000 0.049972 0.050104
251000 0.050224 0.050216
252000 0.050013 0.050048
253000 0.049929 0.050469
254000 0.050362 0.050145
255000 0.050514 0.050717
256000 0.050597 0.049863
257000 0.049935 0.050358
258000 0.050326 0.050500
259000 0.050323 0.050090
260000 0.049942 0.050185
261000 0.050386 0.050605
262000 0.049843 0.050183
263000 0.050685 0.050385
264000 0.049933 0.049931
265000 0.050189 0.050249
266000 0.050377 0.050165
267000 0.050363 0.050300
268000 0.050527 0.049966
269000 0.050688 0.050375
270000 0.049759 0.050190
271000 0.050669 0.050506
272000 0.050183 0.050805
273000 0.050184 0.050612
274000 0.049865 0.049807
275000 0.050166 0.050530
276000 0.050848 0.050232
277000 0.050411 0.050509
278000 0.050235 0.050148
279000 0.050130 0.050341
280000 0.050758 0.050008
281000 0.050736 0.050595
282000 0.049852 0.049675
283000 0.050477 0.050240
284000 0.050321 0.049564
285000 0.050305 0.050207
286000 0.049933 0.050158
287000 0.050412 0.050264
288000 0.050191 0.050114
289000 0.050084 0.050672
290000 0.050383 0.050534
291000 0.049952 0.050135
292000 0.050072 0.050011
293000 0.050253 0.049694
294000 0.050559 0.050017
295000 0.050037 0.050508
296000 0.050692 0.049811
297000 0.050092 0.050034
298000 0.050178 0.050140
299000 0.050730 0.049997
300000 0.050540 0.050051
301000 0.049817 0.050179
302000 0.050105 0.050322
303000 0.049809 0.050125
304000 0.050226 0.050068
305000 0.050466 0.049722
306000 0.050471 0.050117
307000 0.050368 0.050407
308000 0.050403 0.050046
309000 0.050166 0.049996
310000 0.050019 0.049912
311000 0.050125 0.050173
312000 0.050557 0.050394
313000 0.050425 0.050488
314000 0.050410 0.049812
315000 0.050009 0.050054
316000 0.050174 0.050753
317000 0.051050 0.050097
318000 0.050216 0.049981
319000 0.050473 0.050245
320000 0.050488 0.050371
321000 0.050037 0.049929
322000 0.050181 0.049671
323000 0.050480 0.049591
324000 0.050357 0.049950
325000 0.050942 0.049767
326000 0.050145 0.050938
327000 0.050342 0.050639
328000 0.050467 0.050597
329000 0.050170 0.050627
330000 0.049825 0.050051
331000 0.050142 0.050317
332000 0.050277 0.050234
333000 0.050823 0.050450
334000 0.050176 0.050165
335000 0.050337 0.050692
336000 0.050497 0.050479
337000 0.050305 0.050261
338000 0.050418 0.050224
339000 0.050478 0.050472
340000 0.050115 0.049933
341000 0.050206 0.050610
342000 0.050008 0.050661
343000 0.050274 0.050839
344000 0.050166 0.050320
345000 0.050087 0.050627
346000 0.050570 0.050486
347000 0.049879 0.050020
348000 0.050256 0.050397
349000 0.049963 0.050919
350000 0.050120 0.050428
351000 0.050653 0.050239
352000 0.050338 0.050545
353000 0.050185 0.049869
354000 0.050189 0.050314
355000 0.050152 0.050118
356000 0.050202 0.050596
357000 0.050947 0.049900
358000 0.050037 0.050355
359000 0.050677 0.050250
360000 0.050345 0.049975
361000 0.050487 0.050321
362000 0.050279 0.050480
363000 0.050270 0.050184
364000 0.050226 0.050321
365000 0.050184 0.050180
366000 0.050158 0.050314
367000 0.050229 0.050570
368000 0.050468 0.050880
369000 0.050521 0.050434
370000 0.050887 0.050437
371000 0.050525 0.050520
372000 0.050965 0.050562
373000 0.050748 0.050046
374000 0.049949 0.050419
375000 0.049742 0.050619
376000 0.049697 0.050609
377000 0.050217 0.050461
378000 0.049921 0.050605
379000 0.050262 0.050757
380000 0.050076 0.050481
381000 0.050837 0.050118
382000 0.050186 0.050256
383000 0.050353 0.050355
384000 0.050612 0.050286
385000 0.049985 0.050481
386000 0.050147 0.049951
387000 0.050507 0.050075
388000 0.049858 0.050956
389000 0.050530 0.050396
390000 0.050433 0.050434
391000 0.050171 0.050287
392000 0.050449 0.050382
393000 0.049974 0.050196
394000 0.049838 0.050315
395000 0.049932 0.050575
396000 0.050344 0.050096
397000 0.050163 0.049995
398000 0.050837 0.050470
399000 0.050153 0.050319
400000 0.050577 0.050445
401000 0.050169 0.050326
402000 0.050692 0.050652
403000 0.050317 0.050084
404000 0.050258 0.050161
405000 0.050931 0.049792
406000 0.050525 0.050249
407000 0.050108 0.049762
408000 0.050262 0.050323
409000 0.050591 0.050374
410000 0.050603 0.050190
411000 0.049694 0.050441
412000 0.050039 0.049789
413000 0.050463 0.050274
414000 0.050524 0.050406
415000 0.050538 0.050407
416000 0.050676 0.050235
417000 0.050439 0.050527
418000 0.049768 0.050328
419000 0.050687 0.050432
420000 0.050633 0.050336
421000 0.050057 0.050309
422000 0.050047 0.050625
423000 0.049783 0.050666
424000 0.049944 0.050438
425000 0.050323 0.050904
426000 0.050127 0.050376
427000 0.050309 0.050276
428000 0.049907 0.049757
429000 0.050084 0.050431
430000 0.049814 0.050735
431000 0.050348 0.050230
432000 0.050961 0.049718
433000 0.050663 0.050298
434000 0.050163 0.050200
435000 0.050423 0.050216
436000 0.050069 0.050723
437000 0.049844 0.050799
438000 0.050443 0.049687
439000 0.050052 0.049959
440000 0.050282 0.050582
441000 0.050487 0.050190
442000 0.050668 0.050124
443000 0.050557 0.050248
444000 0.050221 0.050207
445000 0.050323 0.050905
446000 0.050319 0.050394
447000 0.050942 0.050369
448000 0.050431 0.050250
449000 0.051024 0.049633
450000 0.051111 0.050120
451000 0.050914 0.050689
452000 0.050068 0.049887
453000 0.049452 0.050137
454000 0.050614 0.050397
455000 0.050275 0.050730
456000 0.049950 0.050340
457000 0.050374 0.050055
458000 0.049937 0.049987
459000 0.050274 0.049841
460000 0.050128 0.050496
461000 0.050349 0.050317
462000 0.049827 0.049831
463000 0.050024 0.050350
464000 0.049804 0.049920
465000 0.050413 0.050335
466000 0.050045 0.050180
467000 0.050206 0.050640
468000 0.050425 0.050049
469000 0.050356 0.050556
470000 0.049715 0.050013
471000 0.050023 0.050297
472000 0.050466 0.050002
473000 0.050114 0.050323
474000 0.050188 0.050044
475000 0.050194 0.050103
476000 0.051067 0.049908
477000 0.050208 0.050507
478000 0.049925 0.050393
479000 0.050273 0.050468
480000 0.050465 0.050638
481000 0.050399 0.050478
482000 0.050508 0.050288
483000 0.049677 0.050356
484000 0.050570 0.049851
485000 0.050276 0.050367
486000 0.050072 0.050418
487000 0.050292 0.050517
488000 0.050500 0.050016
489000 0.050399 0.050135
490000 0.050088 0.050096
491000 0.050705 0.049943
492000 0.050510 0.050268
493000 0.050643 0.049556
494000 0.050846 0.050415
495000 0.050576 0.050865
496000 0.050242 0.050363
497000 0.050421 0.050505
498000 0.049988 0.050544
499000 0.050792 0.050305
