1000 0.051397 0.037818 0.007392
2000 0.049915 0.045630 0.017905
3000 0.051811 0.050621 0.025310
4000 0.050405 0.049966 0.030688
5000 0.051415 0.051269 0.033585
6000 0.050431 0.050409 0.036124
7000 0.051170 0.051145 0.037830
8000 0.050511 0.050497 0.039143
9000 0.050101 0.050087 0.040506
10000 0.049811 0.049792 0.041339
11000 0.050800 0.050779 0.042094
12000 0.049594 0.049578 0.043266
13000 0.050226 0.050215 0.043095
14000 0.050997 0.050972 0.044045
15000 0.050053 0.050032 0.044853
16000 0.050213 0.050206 0.044647
17000 0.049910 0.049882 0.045297
18000 0.050326 0.050317 0.044701
19000 0.050432 0.050415 0.045675
20000 0.050216 0.050208 0.045980
21000 0.049671 0.049663 0.046527
22000 0.050719 0.050717 0.046647
23000 0.050089 0.050083 0.045739
24000 0.050007 0.050000 0.045869
25000 0.050451 0.050441 0.046951
26000 0.050397 0.050390 0.046935
27000 0.050337 0.050331 0.047399
28000 0.050315 0.050301 0.047474
29000 0.050485 0.050480 0.047218
30000 0.049914 0.049913 0.047651
31000 0.050246 0.050235 0.046953
32000 0.050171 0.050160 0.047106
33000 0.049914 0.049911 0.047410
34000 0.050145 0.050141 0.047301
35000 0.050223 0.050218 0.048176
36000 0.050071 0.050061 0.048191
37000 0.050144 0.050144 0.048102
38000 0.049364 0.049358 0.047624
39000 0.050536 0.050533 0.048572
40000 0.050031 0.050026 0.048492
41000 0.049856 0.049851 0.047745
42000 0.050065 0.050065 0.048515
43000 0.050024 0.050021 0.047984
44000 0.050649 0.050643 0.048063
45000 0.049978 0.049978 0.047998
46000 0.050125 0.050124 0.048012
47000 0.050632 0.050631 0.048402
48000 0.050342 0.050340 0.048253
49000 0.050327 0.050325 0.049123
50000 0.050419 0.050416 0.048513
51000 0.050253 0.050253 0.048400
52000 0.050175 0.050175 0.048682
53000 0.050175 0.050168 0.048267
54000 0.049952 0.049949 0.048662
55000 0.050453 0.050451 0.048585
56000 0.050185 0.050182 0.048597
57000 0.050298 0.050294 0.048419
58000 0.050376 0.050376 0.048700
59000 0.050742 0.050740 0.049107
60000 0.050220 0.050220 0.048659
61000 0.050432 0.050432 0.048381
62000 0.050141 0.050140 0.049053
63000 0.050039 0.050039 0.048632
64000 0.050330 0.050330 0.048667
65000 0.050493 0.050493 0.048544
66000 0.050416 0.050412 0.049113
67000 0.050146 0.050146 0.049328
68000 0.050052 0.050050 0.049134
69000 0.050049 0.050049 0.048836
70000 0.049934 0.049934 0.048791
71000 0.050776 0.050774 0.049020
72000 0.050435 0.050435 0.048773
73000 0.050145 0.050145 0.049206
74000 0.050201 0.050201 0.048413
75000 0.050219 0.050217 0.048962
76000 0.050293 0.050288 0.048705
77000 0.050150 0.050150 0.048642
78000 0.050752 0.050751 0.049068
79000 0.050331 0.050331 0.049453
80000 0.049784 0.049783 0.048953
81000 0.049842 0.049842 0.049491
82000 0.050388 0.050386 0.049692
83000 0.050811 0.050805 0.048395
84000 0.050168 0.050168 0.049063
85000 0.050225 0.050222 0.049357
86000 0.050251 0.050251 0.049257
87000 0.050564 0.050564 0.049122
88000 0.050465 0.050465 0.049036
89000 0.050116 0.050113 0.049457
90000 0.049771 0.049771 0.048699
91000 0.050925 0.050925 0.049316
92000 0.049850 0.049850 0.049291
93000 0.049947 0.049947 0.049496
94000 0.049830 0.049830 0.049570
95000 0.050065 0.050065 0.049578
96000 0.050530 0.050530 0.049098
97000 0.050498 0.050498 0.049231
98000 0.050382 0.050382 0.048790
99000 0.049656 0.049656 0.049099
100000 0.050556 0.050556 0.049069
101000 0.050294 0.050289 0.049154
102000 0.050124 0.050124 0.049205
103000 0.050303 0.050303 0.049299
104000 0.050227 0.050227 0.049983
105000 0.050465 0.050465 0.049728
106000 0.050683 0.050683 0.049513
107000 0.049974 0.049974 0.048951
108000 0.049758 0.049758 0.049558
109000 0.050011 0.050011 0.049468
110000 0.050292 0.050292 0.049784
111000 0.050217 0.050217 0.049156
112000 0.050630 0.050630 0.049271
113000 0.050539 0.050539 0.049427
114000 0.050722 0.050722 0.049107
115000 0.050045 0.050045 0.049608
116000 0.050040 0.050040 0.049127
117000 0.050593 0.050593 0.049493
118000 0.050424 0.050424 0.050046
119000 0.050384 0.050384 0.049362
120000 0.049872 0.049872 0.049290
121000 0.050213 0.050213 0.049210
122000 0.050220 0.050220 0.049785
123000 0.050669 0.050669 0.049966
124000 0.050022 0.050022 0.049725
125000 0.050323 0.050323 0.049107
126000 0.050492 0.050492 0.049357
127000 0.050238 0.050238 0.049652
128000 0.050622 0.050622 0.049236
129000 0.050635 0.050635 0.049462
130000 0.050323 0.050323 0.049874
131000 0.050180 0.050180 0.049575
132000 0.050442 0.050442 0.049768
133000 0.050501 0.050501 0.049562
134000 0.050314 0.050314 0.049461
135000 0.050409 0.050409 0.049762
136000 0.050604 0.050604 0.049854
137000 0.050231 0.050231 0.049148
138000 0.050316 0.050316 0.049680
139000 0.050427 0.050427 0.049729
140000 0.050053 0.050052 0.049809
141000 0.050598 0.050598 0.049426
142000 0.050862 0.050862 0.050106
143000 0.050348 0.050348 0.049883
144000 0.050424 0.050424 0.049714
145000 0.050080 0.050080 0.049623
146000 0.050637 0.050637 0.049840
147000 0.050492 0.050492 0.049739
148000 0.050505 0.050505 0.049330
149000 0.050489 0.050489 0.049623
150000 0.050302 0.050302 0.050019
151000 0.050473 0.050473 0.049624
152000 0.049578 0.049578 0.049702
153000 0.050608 0.050608 0.049576
154000 0.050090 0.050090 0.049400
155000 0.050176 0.050176 0.049123
156000 0.050050 0.050050 0.049936
157000 0.050413 0.050413 0.049490
158000 0.050052 0.050052 0.049442
159000 0.050353 0.050353 0.049356
160000 0.050082 0.050082 0.049480
161000 0.050502 0.050502 0.049927
162000 0.050857 0.050857 0.049205
163000 0.050315 0.050315 0.050074
164000 0.049877 0.049877 0.050086
165000 0.050044 0.050044 0.049604
166000 0.050193 0.050193 0.049564
167000 0.050118 0.050118 0.049737
168000 0.050123 0.050123 0.049881
169000 0.050060 0.050060 0.049483
170000 0.050278 0.050278 0.049111
171000 0.050388 0.050388 0.049673
172000 0.050471 0.050471 0.049632
173000 0.050449 0.050449 0.049915
174000 0.050672 0.050672 0.049623
175000 0.050102 0.050102 0.049499
176000 0.050649 0.050649 0.049380
177000 0.050310 0.050310 0.049581
178000 0.050380 0.050380 0.049652
179000 0.050351 0.050351 0.049603
180000 0.050032 0.050032 0.049555
181000 0.050492 0.050492 0.050392
182000 0.050262 0.050262 0.050295
183000 0.049993 0.049993 0.050310
184000 0.050342 0.050342 0.049876
185000 0.050652 0.050652 0.050164
186000 0.049896 0.049896 0.049743
187000 0.050176 0.050176 0.050074
188000 0.050102 0.050102 0.050048
189000 0.050444 0.050444 0.049418
190000 0.050243 0.050243 0.049801
191000 0.050464 0.050464 0.049637
192000 0.050368 0.050368 0.049943
193000 0.050330 0.050330 0.050002
194000 0.050388 0.050388 0.049633
195000 0.050499 0.050499 0.048842
196000 0.050371 0.050371 0.049501
197000 0.050132 0.050132 0.049605
198000 0.050353 0.050353 0.050105
199000 0.050201 0.050201 0.049931
200000 0.049981 0.049981 0.049577
201000 0.049949 0.049949 0.049741
202000 0.050566 0.050566 0.049752
203000 0.050261 0.050261 0.049777
204000 0.050183 0.050183 0.049590
205000 0.050216 0.050216 0.049919
206000 0.050118 0.050118 0.049933
207000 0.050267 0.050267 0.050053
208000 0.049946 0.049946 0.049460
209000 0.050154 0.050154 0.049248
210000 0.050257 0.050257 0.049944
211000 0.050053 0.050053 0.049878
212000 0.050118 0.050118 0.049714
213000 0.050165 0.050165 0.050243
214000 0.050146 0.050146 0.050265
215000 0.050020 0.050020 0.050276
216000 0.050503 0.050503 0.049702
217000 0.050033 0.050033 0.050148
218000 0.049839 0.049839 0.050055
219000 0.050538 0.050538 0.049776
220000 0.050281 0.050281 0.049350
221000 0.050325 0.050325 0.050041
222000 0.050278 0.050278 0.050210
223000 0.050035 0.050035 0.049869
224000 0.050521 0.050521 0.049553
225000 0.050449 0.050449 0.050129
226000 0.050364 0.050364 0.049539
227000 0.050084 0.050084 0.049264
228000 0.050549 0.050549 0.049997
229000 0.050105 0.050105 0.050040
230000 0.050152 0.050152 0.050051
231000 0.050873 0.050873 0.049698
232000 0.050585 0.050585 0.049757
233000 0.050151 0.050151 0.049819
234000 0.050333 0.050333 0.049742
235000 0.050307 0.050307 0.050542
236000 0.050732 0.050732 0.050260
237000 0.050511 0.050511 0.049611
238000 0.050186 0.050186 0.049744
239000 0.050150 0.050150 0.049485
240000 0.050011 0.050011 0.049775
241000 0.050115 0.050115 0.049972
242000 0.050154 0.050154 0.049668
243000 0.050151 0.050151 0.050081
244000 0.050087 0.050087 0.049968
245000 0.050299 0.050299 0.049611
246000 0.050259 0.050259 0.049577
247000 0.050118 0.050118 0.049713
248000 0.050358 0.050358 0.049826
249000 0.050202 0.050202 0.049831
250000 0.050027 0.050027 0.050427
251000 0.050569 0.050569 0.050343
252000 0.049846 0.049846 0.049309
253000 0.050074 0.050074 0.049502
254000 0.050209 0.050209 0.050103
255000 0.050538 0.050538 0.049952
256000 0.050973 0.050973 0.049716
257000 0.050614 0.050614 0.049798
258000 0.050026 0.050026 0.050235
259000 0.050498 0.050498 0.050116
260000 0.050072 0.050072 0.049905
261000 0.050379 0.050379 0.050191
262000 0.050141 0.050141 0.049707
263000 0.050563 0.050563 0.049490
264000 0.049939 0.049939 0.050132
265000 0.050646 0.050646 0.050098
266000 0.050514 0.050514 0.050084
267000 0.050310 0.050310 0.050102
268000 0.050671 0.050671 0.049709
269000 0.049971 0.049971 0.049685
270000 0.050248 0.050248 0.050032
271000 0.050385 0.050385 0.050103
272000 0.050595 0.050595 0.049688
273000 0.049893 0.049893 0.049703
274000 0.050382 0.050382 0.050169
275000 0.050211 0.050211 0.050124
276000 0.049816 0.049816 0.050084
277000 0.050239 0.050239 0.049609
278000 0.050247 0.050247 0.049713
279000 0.049759 0.049759 0.050079
280000 0.050112 0.050112 0.049789
281000 0.050242 0.050242 0.049773
282000 0.050632 0.050632 0.049994
283000 0.049881 0.049881 0.049513
284000 0.050237 0.050237 0.049912
285000 0.050192 0.050192 0.050141
286000 0.050115 0.050115 0.049902
287000 0.050693 0.050693 0.050052
288000 0.050340 0.050340 0.049903
289000 0.050499 0.050499 0.049987
290000 0.050528 0.050528 0.049866
291000 0.050312 0.050312 0.050087
292000 0.050319 0.050319 0.049867
293000 0.050209 0.050209 0.049911
294000 0.050390 0.050390 0.050017
295000 0.050277 0.050277 0.050099
296000 0.049878 0.049878 0.049499
297000 0.050330 0.050330 0.049216
298000 0.050352 0.050352 0.049309
299000 0.050679 0.050679 0.050054
300000 0.050353 0.050353 0.049666
301000 0.049793 0.049793 0.049800
302000 0.050494 0.050494 0.050017
303000 0.050330 0.050330 0.050115
304000 0.050869 0.050869 0.050489
305000 0.050610 0.050610 0.049836
306000 0.049862 0.049862 0.050052
307000 0.050541 0.050541 0.049883
308000 0.049506 0.049506 0.049684
309000 0.050562 0.050562 0.049819
310000 0.050371 0.050371 0.050091
311000 0.050125 0.050125 0.049566
312000 0.050158 0.050158 0.049571
313000 0.050357 0.050357 0.049761
314000 0.050469 0.050469 0.050539
315000 0.050596 0.050596 0.050416
316000 0.050173 0.050173 0.050183
317000 0.049810 0.049810 0.049890
318000 0.050345 0.050345 0.049411
319000 0.050445 0.050445 0.050015
320000 0.050426 0.050426 0.049754
321000 0.050056 0.050056 0.049732
322000 0.050299 0.050299 0.049869
323000 0.049177 0.049177 0.049836
324000 0.050453 0.050453 0.049612
325000 0.049741 0.049741 0.049850
326000 0.050071 0.050071 0.050019
327000 0.050152 0.050152 0.049522
328000 0.050472 0.050472 0.050052
329000 0.050356 0.050356 0.049800
330000 0.050260 0.050260 0.050234
331000 0.050683 0.050683 0.049830
332000 0.050825 0.050825 0.049934
333000 0.049856 0.049856 0.050189
334000 0.049841 0.049841 0.049941
335000 0.050786 0.050786 0.049862
336000 0.049932 0.049932 0.049861
337000 0.050400 0.050400 0.050265
338000 0.050459 0.050459 0.050204
339000 0.050581 0.050581 0.049890
340000 0.050288 0.050288 0.049642
341000 0.050473 0.050473 0.049862
342000 0.050384 0.050384 0.049866
343000 0.050285 0.050285 0.049936
344000 0.050806 0.050806 0.050120
345000 0.050211 0.050211 0.050182
346000 0.049735 0.049735 0.050092
347000 0.050106 0.050106 0.050012
348000 0.049891 0.049891 0.049801
349000 0.049836 0.049836 0.050184
350000 0.050189 0.050189 0.049512
351000 0.050542 0.050542 0.049989
352000 0.050628 0.050628 0.049835
353000 0.050153 0.050153 0.049862
354000 0.050170 0.050170 0.050022
355000 0.050608 0.050608 0.049152
356000 0.050539 0.050539 0.050129
357000 0.050392 0.050392 0.050205
358000 0.050002 0.050002 0.050199
359000 0.050181 0.050181 0.050136
360000 0.050581 0.050581 0.049723
361000 0.050709 0.050709 0.050063
362000 0.050273 0.050273 0.049829
363000 0.050210 0.050210 0.050041
364000 0.050214 0.050214 0.050731
365000 0.049630 0.049630 0.050002
366000 0.050446 0.050446 0.050071
367000 0.050324 0.050324 0.050144
368000 0.050301 0.050301 0.050225
369000 0.050390 0.050390 0.050125
370000 0.050440 0.050440 0.049797
371000 0.049865 0.049865 0.049901
372000 0.050315 0.050315 0.049699
373000 0.049815 0.049815 0.049863
374000 0.049947 0.049947 0.050351
375000 0.050197 0.050197 0.049661
376000 0.050643 0.050643 0.049736
377000 0.050430 0.050430 0.049899
378000 0.050328 0.050328 0.050186
379000 0.049948 0.049948 0.050317
380000 0.050140 0.050140 0.050318
381000 0.050599 0.050599 0.050176
382000 0.050063 0.050063 0.050333
383000 0.050310 0.050310 0.050460
384000 0.050140 0.050140 0.049839
385000 0.050870 0.050870 0.050005
386000 0.050228 0.050228 0.049972
387000 0.049969 0.049969 0.050075
388000 0.050379 0.050379 0.049907
389000 0.050105 0.050105 0.050232
390000 0.050692 0.050692 0.050441
391000 0.050594 0.050594 0.050365
392000 0.050423 0.050423 0.050352
393000 0.050590 0.050590 0.050354
394000 0.050271 0.050271 0.050048
395000 0.050241 0.050241 0.050380
396000 0.049694 0.049694 0.050182
397000 0.049967 0.049967 0.050080
398000 0.050065 0.050065 0.050053
399000 0.050295 0.050295 0.050205
400000 0.050248 0.050248 0.049853
401000 0.050265 0.050265 0.050028
402000 0.050388 0.050388 0.049885
403000 0.050233 0.050233 0.049884
404000 0.049963 0.049963 0.049794
405000 0.050145 0.050145 0.050042
406000 0.050064 0.050064 0.050047
407000 0.050492 0.050492 0.049914
408000 0.050024 0.050024 0.050598
409000 0.050237 0.050237 0.049865
410000 0.049985 0.049985 0.050663
411000 0.050835 0.050835 0.049805
412000 0.050485 0.050485 0.049808
413000 0.050104 0.050104 0.050019
414000 0.050756 0.050756 0.049973
415000 0.050586 0.050586 0.050108
416000 0.050493 0.050493 0.049803
417000 0.049998 0.049998 0.049969
418000 0.050899 0.050899 0.050203
419000 0.049718 0.049718 0.050582
420000 0.049978 0.049978 0.050171
421000 0.050012 0.050012 0.049380
422000 0.050202 0.050202 0.049926
423000 0.050549 0.050549 0.050215
424000 0.050276 0.050276 0.049354
425000 0.050652 0.050652 0.050344
426000 0.050672 0.050672 0.049716
427000 0.050113 0.050113 0.050419
428000 0.050143 0.050143 0.049993
429000 0.049974 0.049974 0.049447
430000 0.050418 0.050418 0.050161
431000 0.050810 0.050810 0.049627
432000 0.050461 0.050461 0.049813
433000 0.050183 0.050183 0.050413
434000 0.050263 0.050263 0.049933
435000 0.050223 0.050223 0.049798
436000 0.050262 0.050262 0.050238
437000 0.050510 0.050510 0.049938
438000 0.049744 0.049744 0.049662
439000 0.050478 0.050478 0.050178
440000 0.050627 0.050627 0.049918
441000 0.050973 0.050973 0.050324
442000 0.050294 0.050294 0.049708
443000 0.050230 0.050230 0.050469
444000 0.049876 0.049876 0.050094
445000 0.050121 0.050121 0.050308
446000 0.050372 0.050372 0.049930
447000 0.049969 0.049969 0.049904
448000 0.049719 0.049719 0.050266
449000 0.050309 0.050309 0.050672
450000 0.050620 0.050620 0.050084
451000 0.050153 0.050153 0.049734
452000 0.049932 0.049932 0.050157
453000 0.050298 0.050298 0.049985
454000 0.050850 0.050850 0.049995
455000 0.050426 0.050426 0.050255
456000 0.050018 0.050018 0.050428
457000 0.050249 0.050249 0.050722
458000 0.049886 0.049886 0.049904
459000 0.050181 0.050181 0.049593
460000 0.050235 0.050235 0.049976
461000 0.050095 0.050095 0.050028
462000 0.050257 0.050257 0.049877
463000 0.049855 0.049855 0.049950
464000 0.050511 0.050511 0.050093
465000 0.050271 0.050271 0.050168
466000 0.050530 0.050530 0.050193
467000 0.050713 0.050713 0.050347
468000 0.050353 0.050353 0.049609
469000 0.050190 0.050190 0.049879
470000 0.050434 0.050434 0.049925
471000 0.050189 0.050189 0.049824
472000 0.050195 0.050195 0.049443
473000 0.050233 0.050233 0.050127
474000 0.049548 0.049548 0.049663
475000 0.050120 0.050120 0.049663
476000 0.049534 0.049534 0.050092
477000 0.050392 0.050392 0.050191
478000 0.050331 0.050331 0.050366
479000 0.049981 0.049981 0.050520
480000 0.050058 0.050058 0.049954
481000 0.050306 0.050306 0.050372
482000 0.050508 0.050508 0.049625
483000 0.050580 0.050580 0.049934
484000 0.050169 0.050169 0.050372
485000 0.049672 0.049672 0.049907
486000 0.050424 0.050424 0.050128
487000 0.049949 0.049949 0.049637
488000 0.049885 0.049885 0.049557
489000 0.049988 0.049988 0.049957
490000 0.050369 0.050369 0.050325
491000 0.050886 0.050886 0.050193
492000 0.050687 0.050687 0.049953
493000 0.049649 0.049649 0.049996
494000 0.049765 0.049765 0.050030
495000 0.050331 0.050331 0.050006
496000 0.049827 0.049827 0.050151
497000 0.050660 0.050660 0.049398
498000 0.050349 0.050349 0.050018
499000 0.050481 0.050481 0.050613
